0 0.330233 0.989749 0.094494 0.020503
1 0.442336 0.266204 0.046379 0.067460
1 0.657242 0.496032 0.070437 0.101852
1 0.672619 0.613261 0.046131 0.083664
1 0.497644 0.234954 0.061260 0.075066
0 0.774058 0.758433 0.088294 0.109458
1 0.273934 0.125331 0.097966 0.126323
0 0.435268 0.915840 0.075397 0.079034
1 0.937128 0.472884 0.087550 0.111772
1 0.781002 0.564815 0.108135 0.134259
0 0.693080 0.921958 0.126736 0.153439
1 0.894097 0.865741 0.125496 0.160714
1 0.289559 0.620701 0.197669 0.259921
1 0.348958 0.151455 0.067460 0.100529
0 0.502480 0.864583 0.044643 0.068452
