1 0.640129 0.430225 0.022817 0.032407
0 0.247644 0.087963 0.024554 0.036376
1 0.501612 0.150794 0.027034 0.035714
0 0.733755 0.281581 0.026042 0.035384
1 0.683532 0.080853 0.030754 0.041997
0 0.162574 0.570602 0.028522 0.029431
1 0.844246 0.103340 0.023810 0.030754
0 0.105035 0.821263 0.084573 0.127976
1 0.728671 0.160880 0.019345 0.025463
1 0.832837 0.113922 0.036706 0.039352
0 0.880456 0.838294 0.051587 0.054233
0 0.810144 0.090278 0.019097 0.032407
1 0.827009 0.077877 0.024058 0.032738
0 0.120660 0.568948 0.054315 0.055886
1 0.796999 0.387897 0.040427 0.043651
0 0.674727 0.074735 0.025546 0.039021
0 0.660714 0.464120 0.063988 0.075728
0 0.052579 0.531085 0.051091 0.071429
1 0.819692 0.454034 0.075397 0.089286
0 0.277654 0.442956 0.031994 0.044643
1 0.987227 0.592593 0.025050 0.077381
1 0.625248 0.761739 0.050595 0.082341
0 0.191840 0.577712 0.041419 0.048280
0 0.905010 0.917493 0.047619 0.071098
1 0.820437 0.039683 0.019345 0.026455
1 0.510169 0.586806 0.040179 0.085648
1 0.858755 0.012897 0.026042 0.025132
1 0.141493 0.403604 0.056796 0.073743
0 0.301339 0.783565 0.055556 0.069775
1 0.376860 0.324405 0.044891 0.055556
1 0.505084 0.111772 0.031002 0.042328
1 0.773065 0.144180 0.031250 0.041005
1 0.675843 0.040179 0.028770 0.034061
1 0.293279 0.389716 0.046875 0.058532
1 0.786210 0.196429 0.033234 0.041667
1 0.370164 0.782573 0.053819 0.063823
0 0.769965 0.544147 0.086558 0.086971
0 0.158358 0.536706 0.051339 0.078704
1 0.757440 0.181713 0.027778 0.037368
1 0.615699 0.203208 0.037946 0.051918
0 0.057788 0.585979 0.052579 0.060185
1 0.308904 0.477348 0.063244 0.070437
1 0.978299 0.517196 0.043403 0.078042
0 0.041667 0.932870 0.081845 0.100529
1 0.492436 0.920470 0.068700 0.100860
1 0.086434 0.411376 0.058284 0.068783
1 0.552331 0.584821 0.099702 0.117394
1 0.884673 0.443618 0.052083 0.078373
0 0.956225 0.940807 0.078621 0.099868
1 0.674851 0.587302 0.082837 0.099868
0 0.684028 0.782573 0.105159 0.168981
0 0.446305 0.819114 0.092510 0.138228
1 0.488591 0.484458 0.096230 0.117063
1 0.108259 0.341104 0.065228 0.081680
1 0.255208 0.512401 0.067956 0.083003
1 0.532118 0.770172 0.057788 0.072751
1 0.791047 0.628142 0.098462 0.110780
0 0.773810 0.785218 0.117560 0.162368
1 0.424355 0.753803 0.049603 0.049272
1 0.225446 0.824570 0.045635 0.049934
1 0.846726 0.433862 0.071925 0.078704
