0 0.361917 0.157000 0.078167 0.131500
0 0.464083 0.207000 0.055167 0.092500
0 0.579333 0.275000 0.081000 0.124000
0 0.330083 0.658625 0.097167 0.189250
0 0.695250 0.563500 0.098500 0.164000
0 0.624667 0.438625 0.105000 0.140250
0 0.543833 0.650000 0.110000 0.161000
0 0.206167 0.848875 0.121667 0.171750
0 0.880083 0.502125 0.078167 0.117250
0 0.533250 0.458125 0.074500 0.111750
0 0.382167 0.247250 0.033333 0.060500
0 0.045500 0.211375 0.042667 0.072750
0 0.596417 0.747000 0.072167 0.122500
0 0.633917 0.589125 0.103500 0.133750
