0 0.045387 0.462467 0.081845 0.099537
0 0.284598 0.596396 0.045883 0.072421
0 0.290675 0.125165 0.040179 0.052579
0 0.420883 0.574901 0.095238 0.114749
0 0.860863 0.404597 0.146825 0.104828
0 0.185516 0.565807 0.082341 0.130291
0 0.856275 0.356151 0.144593 0.164021
0 0.758185 0.483300 0.089782 0.114749
0 0.697421 0.785384 0.099702 0.144180
0 0.844618 0.475364 0.090030 0.090278
0 0.678199 0.718585 0.090030 0.120370
0 0.701017 0.591104 0.095982 0.131944
0 0.181424 0.106978 0.076637 0.102844
1 0.573413 0.674272 0.131944 0.177910
1 0.449529 0.652778 0.146081 0.208333
1 0.567584 0.467097 0.128720 0.168981
0 0.263269 0.911872 0.155010 0.175595
0 0.230531 0.740575 0.190724 0.226521
0 0.335938 0.105159 0.050843 0.073413
