0 0.117083 0.450250 0.061833 0.076000
0 0.151417 0.718750 0.068833 0.089500
0 0.246500 0.616750 0.074333 0.100000
0 0.186833 0.940000 0.074333 0.074000
0 0.183667 0.839000 0.061000 0.049000
0 0.313250 0.550500 0.070167 0.101000
0 0.226417 0.735375 0.063167 0.091750
0 0.258000 0.841750 0.059667 0.075000
0 0.339583 0.768125 0.085500 0.119750
0 0.389917 0.631250 0.087500 0.104000
0 0.565583 0.363500 0.070833 0.098000
0 0.722917 0.121375 0.088167 0.132250
0 0.809000 0.241125 0.073000 0.113750
0 0.706917 0.253000 0.052167 0.062500
0 0.746917 0.291750 0.047167 0.075000
0 0.817667 0.570250 0.057000 0.097000
0 0.762500 0.621875 0.060333 0.095750
