1 0.913690 0.584325 0.044147 0.046958
1 0.250744 0.122520 0.126488 0.143849
1 0.067584 0.188988 0.101438 0.122024
0 0.688368 0.870536 0.118800 0.092262
1 0.752604 0.466435 0.071181 0.086310
1 0.490699 0.264716 0.075149 0.149802
1 0.658854 0.278935 0.048363 0.073743
1 0.868924 0.556548 0.066220 0.087963
1 0.818452 0.468585 0.091766 0.093915
1 0.719494 0.294478 0.061012 0.077712
0 0.093006 0.355655 0.125992 0.170304
1 0.478671 0.119709 0.075397 0.105820
0 0.816344 0.839782 0.155506 0.232474
1 0.933656 0.540840 0.076141 0.084325
1 0.559524 0.258929 0.128968 0.175265
1 0.563368 0.359954 0.136161 0.129299
0 0.702753 0.780093 0.131200 0.178571
0 0.551835 0.892030 0.142361 0.206680
1 0.579241 0.120040 0.109375 0.141534
1 0.271081 0.226687 0.089782 0.125992
1 0.363219 0.265046 0.132192 0.166997
0 0.184896 0.217097 0.066220 0.083664
1 0.679563 0.321098 0.033730 0.053571
1 0.703993 0.380952 0.034474 0.042328
0 0.739707 0.377811 0.050347 0.067791
0 0.185516 0.289517 0.086310 0.092923
