0 0.099583 0.451000 0.037500 0.046000
0 0.013500 0.448375 0.023667 0.040750
0 0.050417 0.483750 0.037500 0.061500
0 0.090917 0.501000 0.036833 0.050000
0 0.110000 0.530625 0.025000 0.042750
0 0.184417 0.706250 0.036167 0.039500
0 0.253833 0.502125 0.027667 0.043750
0 0.391000 0.420375 0.039667 0.067750
0 0.333667 0.440625 0.055667 0.081250
0 0.337833 0.538000 0.069333 0.097000
0 0.456583 0.435375 0.073500 0.089750
0 0.294500 0.436500 0.067333 0.100000
0 0.528500 0.619250 0.027000 0.042500
0 0.536500 0.516625 0.066667 0.081250
0 0.477083 0.547375 0.043833 0.067750
0 0.530167 0.730750 0.040333 0.061500
0 0.565250 0.663500 0.038167 0.048000
0 0.567333 0.745750 0.032667 0.037500
0 0.614917 0.701125 0.036167 0.043750
0 0.603833 0.631250 0.034667 0.046000
0 0.788917 0.477625 0.035500 0.046750
0 0.898250 0.401500 0.052833 0.063500
0 0.939250 0.466125 0.045833 0.061250
0 0.885417 0.470250 0.024167 0.038500
0 0.905583 0.489500 0.027167 0.050000
0 0.660083 0.659250 0.038833 0.062500
0 0.693083 0.604125 0.043833 0.064750
0 0.926000 0.622375 0.033333 0.048750
0 0.896167 0.646875 0.034667 0.052250
0 0.005083 0.401625 0.009833 0.039250
