1 0.428571 0.866733 0.058532 0.076720
1 0.570809 0.735119 0.130704 0.189153
1 0.501736 0.883929 0.112103 0.140873
1 0.719370 0.338294 0.106895 0.154762
0 0.381820 0.183036 0.087550 0.077050
1 0.231151 0.906581 0.112599 0.144511
1 0.344122 0.792659 0.100446 0.162037
0 0.280754 0.755126 0.097222 0.149140
1 0.698041 0.746858 0.124256 0.149140
0 0.647693 0.487269 0.119792 0.194114
1 0.518973 0.113757 0.155506 0.181878
0 0.760417 0.575231 0.138393 0.153770
1 0.843998 0.307540 0.139385 0.172619
1 0.883929 0.525794 0.149802 0.175265
1 0.635045 0.275794 0.163938 0.246693
1 0.490823 0.692295 0.114583 0.183532
