1 0.018105 0.696429 0.035714 0.079365
1 0.598462 0.030589 0.059524 0.060516
1 0.953249 0.064980 0.077133 0.107474
1 0.894469 0.044643 0.103919 0.088624
1 0.244048 0.770999 0.044643 0.059193
0 0.917287 0.780589 0.086558 0.122024
0 0.825645 0.625827 0.083829 0.094246
1 0.406746 0.627315 0.200397 0.282407
1 0.289435 0.946098 0.119544 0.107804
1 0.921007 0.135417 0.067212 0.099537
1 0.320064 0.517196 0.244296 0.312831
0 0.719122 0.230820 0.139137 0.163360
1 0.606647 0.201720 0.081845 0.082672
1 0.762525 0.407573 0.157986 0.207341
1 0.146329 0.326058 0.275298 0.328704
1 0.653522 0.566138 0.179067 0.231481
0 0.576017 0.704034 0.140129 0.246032
0 0.179067 0.865741 0.185516 0.240079
0 0.753968 0.747354 0.197917 0.279762
0 0.398313 0.976356 0.082837 0.047288
1 0.961186 0.698082 0.075149 0.101190
1 0.682540 0.032242 0.058532 0.063823
