0 0.067000 0.611375 0.094333 0.143750
0 0.037500 0.757375 0.057667 0.106250
0 0.120500 0.809375 0.111000 0.145750
0 0.125000 0.697750 0.081333 0.135500
0 0.314583 0.821875 0.064500 0.091750
0 0.799500 0.711250 0.100000 0.150000
0 0.936417 0.592125 0.102833 0.155250
0 0.795833 0.477000 0.113333 0.160500
0 0.921167 0.734375 0.086000 0.131250
0 0.269083 0.480625 0.072167 0.082250
0 0.296167 0.568625 0.097333 0.118750
0 0.372333 0.488875 0.067333 0.090750
0 0.266333 0.154250 0.090333 0.125000
