1 0.565848 0.141038 0.061756 0.061839
1 0.543651 0.011078 0.035714 0.020172
1 0.059896 0.949735 0.059276 0.095238
1 0.888889 0.557540 0.055060 0.058862
0 0.682788 0.144015 0.097718 0.132606
1 0.102183 0.432044 0.085813 0.112765
0 0.861607 0.858962 0.079861 0.120040
0 0.117063 0.759425 0.061508 0.106151
1 0.024926 0.873843 0.049355 0.135913
1 0.405010 0.390708 0.176587 0.253638
1 0.980655 0.239583 0.038194 0.087632
0 0.852307 0.621032 0.072669 0.098545
0 0.244916 0.404762 0.113839 0.112434
1 0.045387 0.667659 0.090278 0.095238
1 0.453745 0.915179 0.093006 0.159061
1 0.731027 0.286872 0.123760 0.174272
0 0.600694 0.550761 0.125992 0.215939
1 0.363343 0.849868 0.122024 0.136905
1 0.686260 0.392692 0.141865 0.180225
0 0.273562 0.777778 0.165675 0.218915
0 0.753844 0.560516 0.156498 0.221561
1 0.511161 0.463294 0.157242 0.223545
1 0.275050 0.244709 0.209325 0.281746
0 0.420139 0.030919 0.113095 0.061177
