0 0.169767 0.077050 0.052331 0.066799
0 0.254960 0.120536 0.044643 0.065146
0 0.017857 0.261409 0.035218 0.078373
0 0.235739 0.063823 0.053323 0.068122
0 0.369668 0.594411 0.066716 0.088294
0 0.207217 0.129134 0.080109 0.099537
0 0.138641 0.297454 0.072421 0.090278
0 0.606523 0.553075 0.098462 0.147156
0 0.213542 0.319444 0.073909 0.091931
1 0.924107 0.458829 0.063492 0.083003
0 0.030878 0.132606 0.056300 0.066799
1 0.330481 0.799107 0.218998 0.291336
0 0.156126 0.208829 0.078125 0.096230
