1 0.674107 0.590608 0.072917 0.112434
1 0.732143 0.009259 0.078373 0.017196
0 0.020337 0.214286 0.040179 0.093915
1 0.376984 0.359458 0.096230 0.148810
1 0.412326 0.200728 0.073661 0.090608
0 0.046875 0.192956 0.060516 0.081019
1 0.594866 0.585317 0.107391 0.147487
1 0.397197 0.301753 0.118304 0.163029
0 0.342758 0.208003 0.073909 0.082672
1 0.499876 0.250827 0.103423 0.141865
0 0.314732 0.461806 0.136905 0.161706
1 0.403770 0.769511 0.150794 0.219577
1 0.240327 0.358466 0.106151 0.150132
