0 0.051463 0.728175 0.062252 0.088624
0 0.890005 0.025298 0.080605 0.049934
1 0.964658 0.021329 0.066220 0.041997
0 0.907738 0.107474 0.058036 0.071429
1 0.030878 0.711475 0.058780 0.102844
0 0.703621 0.831515 0.047123 0.086971
0 0.852431 0.963294 0.109623 0.073413
0 0.926091 0.548942 0.067460 0.083333
0 0.159598 0.921958 0.094494 0.115741
0 0.829613 0.366567 0.065972 0.080357
1 0.864087 0.133929 0.072421 0.089947
1 0.780010 0.787864 0.136409 0.142526
1 0.915303 0.872851 0.103423 0.133929
0 0.546999 0.153770 0.062252 0.099868
1 0.898438 0.243386 0.105407 0.125661
1 0.948909 0.363757 0.102183 0.128968
1 0.339162 0.305721 0.107887 0.127976
0 0.743552 0.928241 0.088790 0.132275
1 0.806176 0.880622 0.137153 0.188492
0 0.905630 0.628307 0.096478 0.114418
