0 0.747148 0.177579 0.055308 0.086640
0 0.812996 0.523975 0.063492 0.100860
0 0.648686 0.697917 0.067708 0.104167
0 0.797743 0.027282 0.078125 0.053902
0 0.763889 0.510417 0.077381 0.108796
0 0.867932 0.083168 0.041915 0.056548
0 0.704613 0.185847 0.070437 0.107804
1 0.565848 0.703704 0.083085 0.127646
1 0.473214 0.821925 0.083829 0.127976
0 0.398810 0.715278 0.101687 0.113757
1 0.796503 0.656085 0.074157 0.099868
0 0.324901 0.332011 0.126984 0.154101
0 0.301215 0.814815 0.115823 0.173280
0 0.761905 0.407573 0.082837 0.108135
1 0.391617 0.815146 0.088790 0.131614
0 0.515873 0.587302 0.096230 0.136243
0 0.098834 0.636905 0.150546 0.165344
0 0.119544 0.512401 0.146329 0.186177
0 0.281622 0.163856 0.153522 0.204696
0 0.143725 0.838294 0.133185 0.190476
0 0.853299 0.421958 0.097470 0.125661
