0 0.236855 0.286872 0.049107 0.065807
1 0.752852 0.133433 0.091022 0.122024
1 0.184152 0.276786 0.066220 0.082672
1 0.650422 0.594577 0.078125 0.088624
0 0.116691 0.317130 0.062748 0.073413
0 0.597718 0.483466 0.073909 0.107804
1 0.724082 0.591601 0.099950 0.115741
1 0.620164 0.318618 0.079613 0.116733
1 0.426091 0.807705 0.100198 0.141204
1 0.528894 0.906085 0.122768 0.183862
1 0.092758 0.213294 0.118056 0.135582
1 0.655382 0.510417 0.094990 0.124669
1 0.460441 0.709821 0.106895 0.163029
0 0.229663 0.408399 0.074901 0.093915
1 0.142857 0.391700 0.106151 0.121362
1 0.329861 0.131779 0.081845 0.069114
1 0.434648 0.211310 0.079613 0.061508
1 0.335441 0.651620 0.081597 0.055886
1 0.413318 0.502646 0.068700 0.097222
