0 0.351314 0.486938 0.054812 0.061839
0 0.772693 0.390212 0.084077 0.081349
0 0.609871 0.406085 0.062996 0.079365
0 0.177083 0.579530 0.068452 0.051257
1 0.953249 0.593915 0.052827 0.067460
0 0.111359 0.332011 0.101190 0.109788
0 0.752232 0.455688 0.118552 0.115741
1 0.671503 0.506614 0.099454 0.140873
0 0.395585 0.572751 0.100198 0.140873
1 0.905754 0.661376 0.062500 0.062831
0 0.047247 0.575893 0.093998 0.117394
0 0.377480 0.430556 0.109127 0.138889
0 0.278274 0.423446 0.121528 0.142526
0 0.444196 0.285549 0.133433 0.155754
0 0.809772 0.637897 0.125000 0.149471
0 0.238343 0.285384 0.130952 0.154101
0 0.103919 0.511905 0.171131 0.169312
0 0.933284 0.365741 0.133433 0.134259
0 0.610119 0.650298 0.106151 0.153108
0 0.711930 0.716104 0.137649 0.167659
0 0.468502 0.663360 0.129960 0.164021
0 0.031746 0.827216 0.062996 0.069775
1 0.031126 0.774471 0.061756 0.077381
