0 0.145083 0.715125 0.060500 0.080250
0 0.254750 0.727125 0.103500 0.158250
0 0.112417 0.590125 0.118833 0.167750
0 0.801667 0.690625 0.143000 0.216750
0 0.823917 0.844750 0.077833 0.133500
0 0.923167 0.822875 0.125000 0.197750
0 0.968583 0.643125 0.062833 0.167750
0 0.977917 0.471875 0.044167 0.122750
0 0.711333 0.390000 0.108333 0.176000
0 0.544000 0.508250 0.107000 0.160500
0 0.395833 0.570375 0.157667 0.219750
0 0.343333 0.668750 0.090333 0.146000
0 0.279500 0.544250 0.116667 0.192500
