0 0.145833 0.234250 0.036667 0.050000
0 0.285083 0.282250 0.043167 0.062500
0 0.201750 0.430250 0.098500 0.123000
0 0.453750 0.274500 0.045833 0.061500
0 0.268417 0.357750 0.047167 0.053000
0 0.319417 0.370875 0.039500 0.056250
0 0.672917 0.435875 0.039500 0.044750
0 0.652417 0.516125 0.062500 0.088750
0 0.938583 0.763000 0.054167 0.074000
0 0.636833 0.670875 0.052000 0.083250
0 0.725750 0.664625 0.046500 0.066750
0 0.883667 0.695250 0.059667 0.084500
0 0.418667 0.370625 0.025667 0.031250
0 0.693417 0.405125 0.028833 0.032250
