1 0.360367 0.038856 0.155258 0.077050
1 0.347346 0.704200 0.080605 0.129299
1 0.836806 0.668981 0.131944 0.226190
0 0.798115 0.858962 0.054563 0.088294
0 0.976811 0.183532 0.046379 0.144841
1 0.893725 0.510913 0.138145 0.166005
1 0.618428 0.225860 0.048363 0.132275
0 0.843874 0.953869 0.081597 0.091601
1 0.846602 0.872354 0.075645 0.107804
1 0.968998 0.677745 0.061508 0.125331
0 0.408234 0.572917 0.075397 0.096230
0 0.606027 0.757606 0.092510 0.126984
0 0.139013 0.514220 0.107887 0.152778
1 0.954241 0.835483 0.086062 0.114087
0 0.265997 0.844577 0.131200 0.171958
0 0.785466 0.390212 0.101687 0.145503
1 0.938120 0.336310 0.123760 0.169312
0 0.524802 0.694444 0.131944 0.173942
1 0.165551 0.686839 0.173859 0.236111
1 0.264013 0.474702 0.174355 0.231151
1 0.246280 0.156250 0.222222 0.306548
1 0.357143 0.363922 0.127976 0.163029
0 0.844494 0.177249 0.100694 0.130952
