0 0.009549 0.409392 0.018601 0.091931
0 0.723090 0.080357 0.166915 0.126984
0 0.221974 0.647321 0.101190 0.106151
0 0.787202 0.040013 0.121032 0.079365
0 0.073785 0.445933 0.089534 0.114087
0 0.141617 0.439815 0.110615 0.144841
0 0.105283 0.633433 0.127728 0.162368
0 0.450273 0.110450 0.130208 0.187169
0 0.589410 0.776786 0.203621 0.242063
0 0.350322 0.557044 0.182788 0.214616
0 0.268105 0.378638 0.145833 0.187831
0 0.746280 0.247685 0.205357 0.277116
0 0.563244 0.243717 0.182044 0.292328
0 0.386161 0.766700 0.181052 0.237765
