1 0.362103 0.951720 0.066468 0.096561
0 0.289931 0.586640 0.080357 0.088624
0 0.944196 0.699074 0.107143 0.129630
0 0.984871 0.554233 0.029762 0.113757
1 0.670387 0.516038 0.077877 0.096892
0 0.484375 0.786872 0.079365 0.073743
0 0.182044 0.332672 0.062004 0.035714
0 0.453125 0.030919 0.087302 0.061177
1 0.589038 0.579200 0.098710 0.114749
0 0.236235 0.669478 0.148065 0.153108
0 0.112227 0.358466 0.102431 0.101852
1 0.420263 0.914352 0.131696 0.171296
1 0.550223 0.180225 0.103423 0.133598
1 0.314236 0.839782 0.106151 0.155754
1 0.750496 0.078042 0.135913 0.152778
0 0.201885 0.813988 0.152282 0.183532
0 0.391493 0.157407 0.125248 0.156746
1 0.617436 0.905754 0.147073 0.188492
1 0.388393 0.739583 0.084821 0.089616
