1 0.852307 0.018684 0.034474 0.034061
0 0.378596 0.908069 0.086558 0.150794
0 0.179688 0.553737 0.101935 0.092262
1 0.212674 0.749835 0.095982 0.100198
0 0.621156 0.629299 0.083581 0.103175
0 0.320437 0.664683 0.108135 0.133598
0 0.860367 0.826720 0.071429 0.128968
1 0.109871 0.630952 0.132440 0.178571
1 0.309276 0.427579 0.110615 0.165344
1 0.706473 0.801422 0.155506 0.186839
1 0.732267 0.597057 0.132192 0.159061
0 0.328497 0.780754 0.128720 0.167328
0 0.102183 0.784392 0.115079 0.141534
1 0.261161 0.257606 0.143849 0.181878
1 0.739087 0.290179 0.097222 0.123347
1 0.193080 0.437665 0.130704 0.150463
1 0.582589 0.881118 0.160714 0.237765
