0 0.050223 0.424769 0.054315 0.053902
0 0.119420 0.383929 0.107391 0.108466
0 0.680432 0.229828 0.105407 0.162698
0 0.127976 0.225694 0.123016 0.150463
0 0.234499 0.369048 0.128224 0.154101
0 0.421131 0.674438 0.096230 0.212632
0 0.261037 0.178406 0.091518 0.119378
0 0.471602 0.481481 0.134177 0.156746
0 0.624752 0.621528 0.109623 0.116733
0 0.711186 0.358466 0.094990 0.125000
0 0.579861 0.243056 0.160218 0.226852
0 0.508061 0.686839 0.164931 0.230159
0 0.670635 0.520007 0.155258 0.198743
0 0.250868 0.420304 0.140129 0.169312
