0 0.015873 0.820437 0.031250 0.234788
0 0.225074 0.028604 0.047867 0.056548
0 0.628472 0.173776 0.078373 0.101521
0 0.973214 0.367229 0.051091 0.073082
0 0.508433 0.184028 0.124504 0.150463
0 0.511285 0.321429 0.083581 0.151455
0 0.708333 0.246032 0.121032 0.156085
0 0.871900 0.764716 0.155506 0.195437
0 0.317832 0.168155 0.120784 0.176918
0 0.192336 0.260417 0.154018 0.177579
0 0.417163 0.337302 0.127976 0.199735
0 0.635789 0.358962 0.121776 0.162368
0 0.285218 0.404597 0.151290 0.192791
