0 0.991071 0.719246 0.017857 0.110450
1 0.854043 0.925265 0.040923 0.058201
0 0.814732 0.130622 0.029266 0.037037
0 0.653522 0.330688 0.032738 0.050265
1 0.423115 0.446925 0.100198 0.089616
1 0.400546 0.191303 0.028770 0.046627
1 0.441468 0.070602 0.022321 0.032738
1 0.402034 0.331845 0.063492 0.071759
1 0.261905 0.473545 0.056052 0.075397
0 0.978795 0.019511 0.033978 0.037698
1 0.541915 0.013558 0.040179 0.026455
1 0.471478 0.090112 0.029762 0.045966
1 0.138641 0.082341 0.037202 0.046958
1 0.737847 0.517692 0.058036 0.077712
1 0.501488 0.105159 0.034722 0.049603
1 0.136037 0.034061 0.039435 0.054233
1 0.093254 0.358962 0.053571 0.062500
1 0.246776 0.122520 0.048115 0.063161
1 0.484003 0.042163 0.034474 0.045966
0 0.301339 0.406085 0.066468 0.075397
1 0.425719 0.406085 0.091022 0.121693
0 0.217014 0.631283 0.158730 0.167328
1 0.646577 0.469081 0.080357 0.108135
1 0.493180 0.402778 0.072173 0.109788
1 0.682788 0.571925 0.096230 0.108796
1 0.202381 0.790179 0.182044 0.228505
0 0.405010 0.248181 0.038194 0.051257
0 0.426835 0.211640 0.032738 0.052249
0 0.145833 0.327877 0.043155 0.041336
