0 0.348583 0.858125 0.097833 0.146750
0 0.498083 0.867375 0.102833 0.154250
0 0.572833 0.862000 0.075333 0.113000
0 0.610167 0.687500 0.090667 0.136000
0 0.763667 0.481000 0.105000 0.157500
0 0.251083 0.910875 0.097167 0.145750
0 0.304417 0.565625 0.093500 0.140250
0 0.144167 0.257000 0.092000 0.138000
0 0.129083 0.096500 0.097500 0.156500
0 0.199583 0.065375 0.087167 0.130250
0 0.898083 0.067375 0.082500 0.123750
0 0.421750 0.317875 0.135500 0.203250
0 0.249917 0.405875 0.086167 0.129250
