0 0.115327 0.760417 0.066964 0.079696
0 0.091394 0.428406 0.092510 0.088294
0 0.125620 0.509921 0.110863 0.125000
1 0.027530 0.214286 0.054563 0.072090
0 0.184276 0.016534 0.070933 0.032407
1 0.090650 0.138724 0.052827 0.053902
0 0.691220 0.399471 0.072917 0.091931
0 0.436508 0.186673 0.098710 0.129960
1 0.171627 0.044974 0.033234 0.047619
0 0.587798 0.258102 0.060516 0.072421
0 0.493676 0.059854 0.067708 0.095238
0 0.530506 0.151786 0.093750 0.115079
1 0.763145 0.422784 0.141369 0.162368
0 0.480159 0.737765 0.116071 0.144180
0 0.382068 0.281581 0.105903 0.106151
1 0.140625 0.058201 0.045635 0.065476
0 0.822669 0.801753 0.123016 0.163690
0 0.886905 0.374339 0.115079 0.133598
0 0.310764 0.624835 0.124008 0.125992
0 0.870908 0.512401 0.138641 0.165675
0 0.127604 0.888889 0.087054 0.111111
0 0.717138 0.801753 0.111359 0.151786
0 0.426339 0.632440 0.138889 0.152447
0 0.232887 0.541667 0.160218 0.181878
0 0.138889 0.667659 0.171627 0.183862
0 0.567708 0.864749 0.138889 0.177910
0 0.482143 0.455026 0.161706 0.191799
0 0.931920 0.781581 0.131696 0.184854
