0 0.054500 0.538500 0.100000 0.141500
0 0.160000 0.741625 0.144333 0.185250
0 0.058667 0.748500 0.091667 0.111500
0 0.116917 0.877625 0.119500 0.155250
0 0.282583 0.340625 0.086833 0.118750
0 0.340583 0.457875 0.081833 0.105250
0 0.421417 0.472375 0.063167 0.092750
0 0.440583 0.384875 0.076500 0.101250
0 0.452333 0.179625 0.101333 0.134250
0 0.861750 0.304125 0.074167 0.106250
0 0.945417 0.289500 0.080500 0.112500
0 0.970250 0.142625 0.059500 0.108250
0 0.687167 0.368250 0.100000 0.147000
0 0.605833 0.349000 0.072333 0.114500
