0 0.745660 0.316303 0.115327 0.086310
0 0.698785 0.212963 0.119296 0.147487
0 0.609623 0.302414 0.100198 0.164352
0 0.079489 0.942130 0.131696 0.114418
0 0.551215 0.540675 0.119296 0.152778
0 0.179315 0.838790 0.122024 0.152447
0 0.336682 0.452216 0.104911 0.126653
0 0.668031 0.495040 0.130704 0.150794
0 0.318948 0.686343 0.145337 0.243056
0 0.445064 0.621528 0.111855 0.196759
0 0.484871 0.171958 0.160218 0.238757
0 0.541543 0.403604 0.108879 0.161706
0 0.196057 0.628638 0.141617 0.200397
0 0.761657 0.404101 0.144841 0.168651
