1 0.928323 0.969907 0.099206 0.059524
0 0.223834 0.949074 0.202133 0.101852
0 0.090402 0.837798 0.059772 0.098214
0 0.640749 0.433862 0.043403 0.089947
0 0.233755 0.457672 0.062252 0.084656
0 0.124008 0.715608 0.086806 0.113095
0 0.234127 0.718089 0.165179 0.126653
0 0.841518 0.353175 0.094742 0.152778
0 0.814484 0.418155 0.081845 0.114749
0 0.594742 0.543651 0.109127 0.129630
0 0.924603 0.840278 0.081845 0.101852
0 0.857391 0.814649 0.063988 0.122024
1 0.125496 0.491733 0.139385 0.136905
0 0.876860 0.029927 0.091022 0.059193
0 0.157242 0.861442 0.099206 0.156746
0 0.204117 0.271495 0.096230 0.117725
0 0.854539 0.178737 0.118800 0.179563
0 0.868428 0.625331 0.129712 0.166667
0 0.135541 0.156085 0.135665 0.171296
0 0.753100 0.220569 0.119792 0.160053
0 0.717014 0.450728 0.139385 0.182540
0 0.617312 0.660384 0.130952 0.179894
