0 0.525333 0.791750 0.084667 0.138000
0 0.755083 0.633125 0.076167 0.120750
0 0.837333 0.830375 0.088333 0.119750
0 0.649583 0.847750 0.092833 0.150000
0 0.537667 0.933750 0.074667 0.106500
0 0.325667 0.682000 0.046333 0.075000
0 0.443833 0.877000 0.079667 0.130500
0 0.446917 0.773125 0.085500 0.133750
0 0.756083 0.487500 0.085500 0.127000
0 0.277417 0.384125 0.087833 0.114250
0 0.573333 0.866500 0.057333 0.093500
0 0.842750 0.582625 0.058833 0.089250
0 0.242333 0.539125 0.091333 0.145750
0 0.243833 0.115250 0.091333 0.137000
0 0.215167 0.386250 0.066000 0.099000
0 0.399333 0.296875 0.050333 0.077750
0 0.293250 0.675375 0.073500 0.109250
0 0.460667 0.911875 0.075000 0.092750
0 0.718083 0.771500 0.063500 0.100500
0 0.787583 0.865875 0.037167 0.067750
0 0.269750 0.236125 0.062833 0.094250
