0 0.014167 0.301500 0.025000 0.036500
0 0.026000 0.404250 0.023667 0.037500
0 0.046833 0.430125 0.032000 0.045750
0 0.052750 0.582750 0.056167 0.065500
0 0.098250 0.460875 0.030500 0.044750
0 0.130167 0.549500 0.025000 0.038500
0 0.254167 0.503625 0.036667 0.042750
0 0.347917 0.602625 0.061833 0.084250
0 0.400333 0.380625 0.043000 0.042750
0 0.461417 0.313000 0.044500 0.055000
0 0.453833 0.395375 0.044333 0.055250
0 0.562500 0.566625 0.077000 0.089750
0 0.663500 0.684375 0.090333 0.116750
0 0.961917 0.495375 0.038167 0.057250
0 0.983000 0.506250 0.022333 0.037500
0 0.747250 0.425000 0.053500 0.071000
0 0.730250 0.493750 0.044500 0.066500
0 0.703417 0.505125 0.028500 0.045750
0 0.639583 0.300500 0.027167 0.047000
0 0.709333 0.235875 0.032000 0.046750
0 0.548750 0.718625 0.063167 0.107250
