0 0.495250 0.671875 0.084167 0.126250
0 0.707917 0.508125 0.068833 0.103250
0 0.768083 0.676625 0.080500 0.120750
0 0.672833 0.650000 0.074000 0.111000
0 0.604750 0.718375 0.094167 0.141250
0 0.502083 0.787375 0.064500 0.096750
0 0.421333 0.759750 0.081000 0.121500
0 0.429333 0.636000 0.085667 0.128500
0 0.314417 0.558125 0.041167 0.061750
0 0.284333 0.160750 0.075333 0.113000
0 0.231417 0.142375 0.065167 0.097750
0 0.508333 0.117250 0.066667 0.100000
0 0.541167 0.729000 0.036667 0.067500
0 0.707833 0.325500 0.077667 0.100500
0 0.780750 0.428625 0.051500 0.068250
0 0.677833 0.385750 0.041333 0.050000
0 0.053333 0.400125 0.073000 0.077750
0 0.032833 0.489875 0.058333 0.091750
0 0.191583 0.569625 0.120833 0.178250
0 0.275917 0.254875 0.061167 0.069250
0 0.392500 0.106875 0.050000 0.054750
0 0.401750 0.186625 0.076167 0.094250
0 0.272917 0.035500 0.037833 0.064000
