0 0.192584 0.447586 0.035466 0.040013
1 0.248512 0.390708 0.087302 0.096892
0 0.677703 0.342758 0.053323 0.059854
0 0.735987 0.321429 0.058284 0.062831
0 0.076265 0.475364 0.062252 0.065807
0 0.446925 0.496032 0.088294 0.078704
0 0.026538 0.506614 0.051587 0.100529
0 0.587054 0.498843 0.066468 0.103505
1 0.494296 0.217427 0.074901 0.076389
1 0.263889 0.587302 0.082837 0.113757
0 0.241195 0.488426 0.078621 0.095238
0 0.862475 0.360780 0.066716 0.078042
0 0.842758 0.452712 0.094246 0.099868
0 0.962550 0.452216 0.073413 0.106151
0 0.848958 0.607474 0.085317 0.099206
1 0.586062 0.155589 0.064980 0.075728
1 0.702877 0.261905 0.062996 0.078042
0 0.717510 0.575728 0.078373 0.109788
0 0.117312 0.424934 0.084325 0.085317
0 0.533854 0.477679 0.093998 0.112765
1 0.638641 0.585483 0.092262 0.109458
0 0.417659 0.436839 0.107639 0.127646
0 0.073537 0.566138 0.114335 0.121032
0 0.567708 0.350364 0.120536 0.129299
0 0.178819 0.567460 0.100198 0.131614
1 0.323785 0.559524 0.126240 0.144841
0 0.776786 0.606812 0.076885 0.123016
1 0.525918 0.201389 0.045387 0.066138
1 0.510541 0.586640 0.056300 0.074074
1 0.614087 0.406581 0.053571 0.036706
1 0.827009 0.391369 0.026042 0.033399
