0 0.989211 0.631614 0.020089 0.154101
0 0.153026 0.953704 0.106647 0.091931
0 0.232639 0.453208 0.043155 0.088294
1 0.096974 0.917163 0.139385 0.149802
1 0.945933 0.500827 0.108135 0.196759
0 0.281126 0.839286 0.070188 0.101190
0 0.311012 0.299769 0.116567 0.127976
0 0.071801 0.561343 0.049851 0.065146
0 0.031126 0.594081 0.058284 0.062500
0 0.655630 0.440311 0.100942 0.108796
0 0.244916 0.581019 0.140625 0.176587
0 0.748884 0.546462 0.147569 0.194114
0 0.573165 0.355655 0.149802 0.188161
0 0.326389 0.488922 0.190972 0.208664
0 0.554812 0.164683 0.156746 0.203704
0 0.893105 0.645007 0.193452 0.227183
0 0.793279 0.181052 0.173859 0.196759
0 0.721602 0.355985 0.152034 0.187500
0 0.129340 0.551587 0.050843 0.064153
