1 0.642609 0.597388 0.083333 0.110780
1 0.949901 0.432374 0.098214 0.178241
1 0.315972 0.245040 0.104663 0.140212
1 0.336310 0.059193 0.098710 0.089947
0 0.821305 0.333829 0.058780 0.065146
1 0.524306 0.553406 0.079365 0.112103
0 0.239831 0.919643 0.114583 0.160714
1 0.411458 0.156581 0.082341 0.121362
0 0.894097 0.065311 0.062500 0.078373
1 0.340650 0.132440 0.098958 0.111442
1 0.031126 0.923446 0.061756 0.099537
1 0.386781 0.283565 0.131200 0.178241
0 0.832341 0.477183 0.159722 0.223545
1 0.307416 0.808036 0.161458 0.232474
1 0.159598 0.379134 0.105903 0.142526
1 0.275422 0.396991 0.156498 0.204034
0 0.457093 0.819444 0.157242 0.222222
0 0.147445 0.678241 0.123760 0.162698
1 0.745660 0.400959 0.066716 0.088955
