0 0.114335 0.880456 0.032738 0.067791
0 0.340526 0.842593 0.038194 0.069444
0 0.288318 0.177083 0.035962 0.049934
1 0.038690 0.019180 0.031746 0.037698
1 0.410094 0.286210 0.068204 0.084325
1 0.335938 0.198413 0.065724 0.085979
1 0.519841 0.512731 0.065972 0.091601
1 0.506696 0.606647 0.059524 0.072421
0 0.069444 0.931548 0.093750 0.109788
0 0.290427 0.233466 0.036210 0.047619
1 0.747396 0.490079 0.079117 0.098545
1 0.148562 0.247851 0.080853 0.093585
0 0.515873 0.752315 0.072421 0.092593
0 0.437128 0.872851 0.096478 0.134590
1 0.127852 0.641700 0.152034 0.190146
1 0.641741 0.571594 0.096974 0.120701
1 0.894965 0.856978 0.166915 0.194114
1 0.694568 0.838459 0.102431 0.132606
1 0.027902 0.050595 0.029018 0.040344
1 0.056052 0.061673 0.026786 0.026124
1 0.006696 0.037368 0.012897 0.054894
