0 0.108333 0.294500 0.078333 0.102000
0 0.132833 0.491625 0.083333 0.108750
0 0.241667 0.638500 0.074000 0.118500
0 0.317000 0.660875 0.082667 0.132750
0 0.374250 0.728750 0.108833 0.181500
0 0.484750 0.745625 0.131167 0.189250
0 0.663333 0.434750 0.175333 0.256500
0 0.199000 0.196250 0.053667 0.088000
0 0.457167 0.223875 0.087667 0.145750
0 0.460833 0.357000 0.057333 0.075000
0 0.221083 0.393375 0.044500 0.053750
0 0.109917 0.386875 0.051500 0.066750
0 0.606083 0.631375 0.061833 0.094250
0 0.640833 0.028750 0.034000 0.046500
