0 0.426339 0.248843 0.027778 0.039352
1 0.474454 0.538360 0.029266 0.035714
1 0.572669 0.250165 0.038690 0.057870
1 0.008433 0.189649 0.015377 0.028770
1 0.248264 0.669478 0.039683 0.083003
1 0.057788 0.190807 0.032738 0.039683
1 0.097966 0.979993 0.077381 0.038690
1 0.947917 0.771825 0.045635 0.021825
1 0.192708 0.565311 0.046131 0.053241
0 0.750620 0.171462 0.028522 0.038029
1 0.769965 0.133929 0.023562 0.032407
1 0.612351 0.181548 0.020833 0.025794
0 0.334325 0.335483 0.017361 0.026124
1 0.028026 0.110284 0.026290 0.032738
1 0.014881 0.296627 0.029266 0.044312
1 0.056548 0.448413 0.042659 0.048280
0 0.433532 0.483466 0.031746 0.051587
0 0.782738 0.111442 0.029266 0.037037
1 0.026538 0.155589 0.029266 0.036045
1 0.744792 0.841766 0.034226 0.047288
0 0.665551 0.241237 0.025050 0.035384
0 0.472842 0.306713 0.032490 0.037368
1 0.954737 0.723876 0.061756 0.100529
1 0.690724 0.174769 0.029266 0.037368
0 0.720238 0.186343 0.031746 0.039352
0 0.845362 0.386409 0.031994 0.038690
1 0.105531 0.078042 0.030506 0.038360
1 0.749256 0.777282 0.050595 0.066468
0 0.312004 0.295139 0.033730 0.043320
1 0.698165 0.247520 0.040675 0.049934
1 0.714906 0.825397 0.045387 0.063492
1 0.142113 0.591766 0.065476 0.073082
1 0.696305 0.683366 0.061260 0.081680
1 0.602927 0.278274 0.045139 0.055225
1 0.519717 0.767526 0.055804 0.083333
1 0.900794 0.713790 0.079861 0.105489
1 0.505828 0.686343 0.083085 0.101521
1 0.668775 0.778770 0.061260 0.082011
1 0.630580 0.674934 0.052827 0.086640
