1 0.757812 0.265212 0.082589 0.113757
1 0.238095 0.732143 0.048115 0.068783
1 0.455853 0.954696 0.103175 0.089286
0 0.686632 0.219081 0.084573 0.094907
1 0.937004 0.015212 0.103175 0.029762
1 0.866071 0.019345 0.081845 0.038029
0 0.590030 0.522487 0.180060 0.233466
0 0.023313 0.114749 0.046131 0.105159
1 0.166667 0.294147 0.125992 0.162368
1 0.874504 0.280589 0.069940 0.092262
1 0.267485 0.197751 0.098958 0.130291
0 0.082341 0.119048 0.083829 0.104497
0 0.133805 0.482143 0.110367 0.150132
1 0.712178 0.758929 0.162946 0.194444
1 0.233879 0.432540 0.147321 0.203042
1 0.760293 0.485946 0.235367 0.307209
0 0.952629 0.280589 0.094246 0.178902
1 0.535590 0.761905 0.207589 0.289683
0 0.321429 0.128638 0.097718 0.128968
1 0.642733 0.130787 0.057292 0.069775
1 0.197297 0.853671 0.230903 0.223214
1 0.453125 0.211806 0.060516 0.092923
