0 0.043031 0.192130 0.080605 0.119709
0 0.354663 0.291171 0.053571 0.115410
0 0.143105 0.150132 0.095734 0.095899
0 0.559524 0.334987 0.051587 0.073413
0 0.672743 0.432374 0.072669 0.081680
0 0.452753 0.155093 0.078621 0.113095
0 0.613963 0.336475 0.051835 0.074405
0 0.895957 0.269015 0.069196 0.062500
0 0.571553 0.873347 0.122272 0.113757
0 0.421999 0.357970 0.126240 0.137897
0 0.777902 0.526124 0.061260 0.086640
1 0.568700 0.418981 0.082341 0.095238
0 0.843006 0.515708 0.076885 0.086971
0 0.671255 0.836310 0.148065 0.207672
0 0.408606 0.260251 0.125248 0.158069
0 0.420015 0.904597 0.140625 0.190807
0 0.564732 0.760913 0.125000 0.164683
0 0.740823 0.423280 0.079365 0.091270
0 0.335813 0.161541 0.065476 0.059854
0 0.895709 0.316468 0.062748 0.060847
