0 0.021949 0.412368 0.043403 0.080688
0 0.915179 0.303241 0.061012 0.154101
0 0.603051 0.752315 0.093006 0.127646
0 0.178943 0.029762 0.080109 0.058862
0 0.632564 0.770999 0.107887 0.174272
0 0.356771 0.543320 0.090526 0.091931
0 0.761905 0.373347 0.096230 0.121693
0 0.633185 0.613757 0.102183 0.143519
1 0.479663 0.498843 0.136409 0.186177
0 0.845858 0.310351 0.172371 0.186177
0 0.202009 0.925430 0.147569 0.149140
1 0.372396 0.687831 0.149554 0.211640
1 0.487723 0.726687 0.135169 0.188823
0 0.173239 0.741237 0.190724 0.231151
