1 0.905134 0.652282 0.051835 0.090278
1 0.640625 0.523313 0.053571 0.060516
1 0.844618 0.952216 0.049355 0.073743
0 0.031002 0.400794 0.055060 0.064153
0 0.607763 0.378142 0.057292 0.084325
1 0.788938 0.509755 0.060516 0.075728
0 0.771701 0.951720 0.084573 0.096561
0 0.070809 0.454696 0.043899 0.064153
1 0.068824 0.373843 0.090030 0.096892
1 0.587922 0.447586 0.061756 0.068452
0 0.812376 0.685351 0.068700 0.098214
1 0.651166 0.410880 0.067708 0.086971
1 0.305184 0.405589 0.087054 0.110780
1 0.359127 0.359954 0.062996 0.074405
1 0.730407 0.287368 0.052579 0.082011
1 0.914559 0.399802 0.093502 0.112434
1 0.393477 0.558532 0.084573 0.110450
1 0.651662 0.830853 0.131200 0.189484
1 0.193328 0.322917 0.072669 0.068452
0 0.617188 0.291336 0.051339 0.069444
0 0.802703 0.568122 0.057788 0.048942
0 0.749628 0.879630 0.063244 0.066138
1 0.888269 0.736772 0.075149 0.074735
