0 0.823250 0.155625 0.042500 0.057250
0 0.977083 0.254125 0.045833 0.068750
0 0.943417 0.273250 0.054833 0.061500
0 0.885333 0.678625 0.100000 0.128250
0 0.605500 0.858375 0.066667 0.091750
0 0.534000 0.871875 0.069333 0.081250
0 0.520083 0.807375 0.045833 0.056250
0 0.598583 0.304125 0.054167 0.070750
0 0.299000 0.691625 0.059000 0.070750
0 0.260083 0.574500 0.047833 0.061500
0 0.501417 0.322375 0.055500 0.076250
0 0.166667 0.572375 0.051333 0.076250
0 0.067750 0.628125 0.038167 0.033250
0 0.046500 0.476625 0.052667 0.055250
0 0.093417 0.506125 0.054833 0.081250
0 0.165250 0.251500 0.038833 0.051000
0 0.087167 0.229250 0.025667 0.048000
0 0.126333 0.415500 0.041667 0.062500
0 0.139583 0.489125 0.044500 0.057250
