0 0.202133 0.736276 0.100694 0.041336
0 0.027282 0.831184 0.054067 0.090939
0 0.050099 0.446429 0.025298 0.032407
0 0.052331 0.533896 0.052083 0.071759
0 0.661086 0.488261 0.047867 0.077712
0 0.526042 0.602679 0.058532 0.055886
0 0.809648 0.385417 0.091022 0.052579
0 0.414435 0.490741 0.057044 0.088624
0 0.923487 0.700728 0.060268 0.061508
0 0.651662 0.660549 0.077629 0.092923
1 0.731771 0.612434 0.108383 0.102513
0 0.180680 0.459821 0.081101 0.088294
0 0.097470 0.671958 0.136409 0.143519
0 0.480531 0.507937 0.101935 0.136243
0 0.502480 0.278604 0.124008 0.135913
0 0.842634 0.601190 0.160962 0.173942
0 0.946057 0.277778 0.107887 0.134921
0 0.728423 0.519015 0.115079 0.152447
0 0.445561 0.385417 0.115327 0.139220
0 0.312252 0.269015 0.119048 0.143188
0 0.927331 0.467593 0.131944 0.154762
0 0.343254 0.412368 0.120536 0.148810
0 0.151290 0.557044 0.171627 0.179563
0 0.578745 0.523313 0.137153 0.178241
