1 0.052455 0.746858 0.073661 0.065146
1 0.989707 0.717593 0.020089 0.130291
1 0.686632 0.040509 0.057292 0.073082
0 0.971726 0.543485 0.056052 0.098214
0 0.321801 0.054398 0.123264 0.108135
1 0.223710 0.063657 0.070437 0.106151
0 0.923363 0.428241 0.079861 0.107804
0 0.914311 0.612269 0.062252 0.080357
0 0.952009 0.321925 0.093502 0.120701
0 0.778894 0.335483 0.085069 0.098876
0 0.030754 0.088790 0.061012 0.155093
0 0.529514 0.714947 0.099206 0.120370
1 0.148810 0.894676 0.071925 0.092923
1 0.447669 0.763393 0.095238 0.127976
0 0.469494 0.412368 0.144345 0.150132
0 0.567584 0.128803 0.074653 0.075728
0 0.681424 0.132937 0.079613 0.093254
1 0.372272 0.536045 0.139881 0.212963
0 0.352679 0.803737 0.135417 0.181548
1 0.432540 0.094907 0.133433 0.187169
1 0.258805 0.544974 0.156498 0.240741
1 0.453249 0.294974 0.133185 0.191799
1 0.092386 0.596065 0.184276 0.282077
0 0.577381 0.285880 0.152778 0.211310
1 0.374752 0.416005 0.068948 0.078042
0 0.515129 0.147321 0.049603 0.063823
