1 0.571553 0.937831 0.111359 0.111111
1 0.976066 0.028935 0.047371 0.056548
1 0.617436 0.776786 0.136161 0.165344
0 0.699777 0.943122 0.105903 0.113095
1 0.514757 0.765212 0.093006 0.150794
1 0.873760 0.346892 0.077381 0.095899
1 0.608259 0.529266 0.101935 0.138558
1 0.980407 0.106978 0.039187 0.107474
0 0.516493 0.339782 0.102431 0.148479
1 0.339534 0.328042 0.106647 0.146164
1 0.570933 0.610946 0.136905 0.166997
1 0.126364 0.534888 0.146081 0.194114
1 0.169891 0.372024 0.106647 0.114418
0 0.424479 0.454530 0.144593 0.143849
1 0.339906 0.190311 0.127232 0.186177
1 0.505332 0.192130 0.131696 0.201058
1 0.261657 0.481481 0.183036 0.214286
1 0.944816 0.415509 0.085565 0.117394
