0 0.124504 0.459325 0.128968 0.117725
0 0.564856 0.759921 0.033978 0.066799
0 0.246156 0.466104 0.073661 0.077050
1 0.176587 0.392526 0.059524 0.092593
0 0.058656 0.137731 0.062748 0.071759
1 0.785838 0.536045 0.074653 0.096561
0 0.208333 0.343585 0.069940 0.093254
1 0.243304 0.116733 0.073413 0.086640
1 0.814608 0.161872 0.088542 0.122024
0 0.718874 0.539683 0.081597 0.107804
1 0.567584 0.856151 0.096974 0.144841
0 0.290179 0.546462 0.082837 0.097553
1 0.621528 0.796462 0.102183 0.156415
1 0.785218 0.430060 0.080853 0.116733
1 0.839782 0.611442 0.107143 0.124339
1 0.755208 0.668981 0.129960 0.166667
1 0.077505 0.354497 0.141121 0.181217
1 0.185888 0.555225 0.133185 0.134259
1 0.680060 0.917493 0.108135 0.161045
1 0.467758 0.599702 0.037698 0.043981
