0 0.345569 0.450521 0.095238 0.064732
1 0.570437 0.286706 0.113757 0.075893
0 0.497851 0.776786 0.153770 0.128472
0 0.738757 0.940476 0.125000 0.104167
0 0.360450 0.744544 0.160714 0.138889
0 0.442626 0.294643 0.155093 0.140377
0 0.638724 0.814608 0.126653 0.122272
0 0.526620 0.162078 0.166336 0.135665
0 0.684524 0.662822 0.203704 0.153522
0 0.779266 0.783978 0.180225 0.156250
0 0.514716 0.490823 0.269511 0.200893
0 0.229663 0.625620 0.353505 0.261657
0 0.306052 0.209325 0.303902 0.242560
