0 0.789435 0.218585 0.027282 0.044312
1 0.798735 0.012235 0.049355 0.023148
1 0.932912 0.016204 0.035466 0.031746
1 0.661830 0.583995 0.040427 0.054894
0 0.732763 0.604001 0.027034 0.035384
0 0.709573 0.160384 0.059028 0.062169
1 0.903522 0.022652 0.050099 0.044643
0 0.448413 0.589616 0.044643 0.059524
0 0.589038 0.510417 0.056548 0.058532
0 0.916667 0.851687 0.063988 0.073082
0 0.353051 0.290179 0.037450 0.055225
0 0.353547 0.202050 0.080605 0.089947
0 0.975446 0.626488 0.048611 0.075728
0 0.294891 0.698247 0.066468 0.077050
0 0.515005 0.533565 0.062748 0.086971
0 0.593626 0.589286 0.075149 0.076720
0 0.615451 0.042824 0.069692 0.081680
0 0.764633 0.161706 0.071925 0.070767
0 0.969990 0.084821 0.060020 0.131944
0 0.182788 0.602183 0.076389 0.119048
0 0.089038 0.594577 0.097222 0.117725
0 0.961062 0.782077 0.076389 0.118386
0 0.524430 0.763724 0.098958 0.136574
0 0.720858 0.208003 0.056300 0.072090
0 0.383557 0.634425 0.091518 0.139220
1 0.036830 0.523479 0.073165 0.121032
0 0.563988 0.414352 0.073909 0.082672
0 0.765129 0.942626 0.094742 0.112765
0 0.855531 0.881118 0.108879 0.131944
0 0.448537 0.928737 0.139137 0.140542
0 0.138269 0.689649 0.099950 0.133267
0 0.566096 0.311839 0.091518 0.117725
1 0.443576 0.507606 0.101438 0.123677
0 0.660590 0.225694 0.069692 0.095569
0 0.626860 0.120040 0.086062 0.111772
0 0.580729 0.843750 0.085069 0.132606
0 0.755952 0.081515 0.082341 0.118717
0 0.437500 0.812335 0.103671 0.137235
0 0.905382 0.739253 0.088046 0.115410
