0 0.028150 0.453208 0.054812 0.098214
1 0.295883 0.624835 0.147817 0.170966
0 0.045015 0.691964 0.080109 0.105489
1 0.845114 0.101687 0.163442 0.198082
1 0.917287 0.323578 0.130704 0.172288
1 0.379960 0.063823 0.058532 0.083995
1 0.094866 0.366733 0.068700 0.085979
0 0.747272 0.271991 0.191468 0.206019
0 0.041047 0.555721 0.080605 0.177579
1 0.309648 0.786706 0.135665 0.175265
1 0.307788 0.152116 0.114087 0.138228
0 0.458953 0.034557 0.101935 0.068452
1 0.061012 0.825728 0.121528 0.176587
1 0.748140 0.776786 0.184276 0.255952
1 0.161458 0.694114 0.187500 0.233466
1 0.490203 0.717097 0.125248 0.174272
1 0.632937 0.479993 0.143849 0.189484
1 0.238963 0.802414 0.096478 0.117394
0 0.169271 0.831680 0.122272 0.095238
0 0.680060 0.634094 0.143353 0.180225
1 0.902406 0.250992 0.140625 0.132275
