1 0.538566 0.873347 0.134673 0.155423
1 0.410466 0.762401 0.089782 0.107474
1 0.564608 0.592923 0.099950 0.132275
1 0.201761 0.285880 0.102431 0.102183
1 0.516369 0.691634 0.142857 0.182870
1 0.886037 0.560020 0.073661 0.092262
1 0.249752 0.408069 0.182540 0.218254
1 0.103671 0.423446 0.131944 0.201389
1 0.372024 0.313657 0.112103 0.162368
0 0.423115 0.467097 0.136409 0.159061
0 0.532490 0.398975 0.114583 0.147156
1 0.397197 0.169974 0.127728 0.167989
1 0.555556 0.244544 0.127480 0.196098
1 0.947297 0.668651 0.094494 0.100529
0 0.443452 0.981978 0.105655 0.036045
1 0.442956 0.981316 0.105655 0.036045
1 0.439112 0.877480 0.077629 0.061839
