1 0.182168 0.407573 0.049355 0.032738
1 0.383061 0.600694 0.060268 0.106151
1 0.326761 0.038194 0.054812 0.063161
1 0.525422 0.788194 0.046875 0.065146
0 0.437624 0.033730 0.031002 0.044974
0 0.115203 0.366071 0.046875 0.067460
0 0.657986 0.203704 0.035218 0.044312
1 0.771329 0.597388 0.082837 0.135913
1 0.484995 0.782407 0.057788 0.079365
0 0.166047 0.117560 0.048859 0.055886
1 0.222222 0.632110 0.119048 0.136574
1 0.476811 0.039021 0.051339 0.066799
1 0.454613 0.602679 0.078373 0.110119
1 0.422495 0.735450 0.082589 0.109788
1 0.237847 0.745866 0.081349 0.106812
1 0.366443 0.087963 0.053323 0.092593
1 0.710938 0.602679 0.099454 0.133267
1 0.527406 0.708829 0.066716 0.089616
0 0.220734 0.134425 0.045139 0.063161
