0 0.949653 0.350694 0.055060 0.069114
0 0.710069 0.316303 0.045139 0.064484
0 0.759425 0.344081 0.050099 0.067130
0 0.924355 0.405093 0.044147 0.058201
0 0.886657 0.353175 0.041171 0.045635
0 0.701885 0.906415 0.062996 0.057540
0 0.625496 0.586806 0.039187 0.058532
0 0.982887 0.407573 0.034226 0.053902
0 0.194940 0.426753 0.058036 0.099537
0 0.813368 0.633102 0.076141 0.106151
0 0.685020 0.660880 0.047123 0.084325
0 0.667411 0.509425 0.083829 0.079034
0 0.840650 0.934028 0.064732 0.086310
0 0.208209 0.309689 0.065724 0.128638
0 0.894841 0.565311 0.084325 0.108135
0 0.846478 0.491733 0.064980 0.080688
0 0.643601 0.319114 0.037202 0.048942
0 0.828497 0.340608 0.053819 0.060185
0 0.256820 0.297454 0.071677 0.080357
0 0.930928 0.669643 0.064732 0.095238
0 0.107763 0.637401 0.135169 0.166997
0 0.892361 0.453704 0.076389 0.072090
0 0.863467 0.685351 0.091518 0.110780
0 0.846230 0.832011 0.109127 0.130291
0 0.163194 0.916171 0.169643 0.166997
0 0.711682 0.816138 0.117808 0.147487
0 0.093626 0.813823 0.182292 0.214286
1 0.579737 0.773810 0.186756 0.244709
0 0.527034 0.574405 0.157242 0.181878
0 0.381200 0.661376 0.168651 0.157407
0 0.339038 0.484458 0.236607 0.271825
0 0.669643 0.436839 0.094742 0.103175
1 0.735987 0.539848 0.036458 0.053241
