0 0.697545 0.183036 0.069692 0.066468
0 0.186136 0.215278 0.064236 0.101190
0 0.294891 0.684028 0.106647 0.084987
1 0.989459 0.438657 0.020585 0.112103
0 0.675099 0.035053 0.071429 0.069444
0 0.355159 0.514220 0.056052 0.069444
1 0.847098 0.222884 0.070188 0.087302
1 0.691840 0.230985 0.081101 0.120701
0 0.332093 0.864253 0.077877 0.119378
1 0.935764 0.342262 0.068452 0.087963
1 0.822421 0.311343 0.070933 0.081680
0 0.123760 0.859954 0.174603 0.215278
0 0.593378 0.218254 0.050843 0.068122
1 0.242312 0.498347 0.129464 0.157407
0 0.705109 0.541667 0.129464 0.179894
0 0.082589 0.640212 0.121032 0.130952
0 0.437004 0.081184 0.081845 0.123347
1 0.708209 0.098876 0.075645 0.090608
0 0.197669 0.646991 0.123016 0.143188
1 0.129092 0.086971 0.088542 0.099868
1 0.606523 0.595073 0.138641 0.197421
1 0.782366 0.227183 0.085565 0.123677
1 0.805060 0.845569 0.158234 0.233466
1 0.850694 0.583499 0.167659 0.230489
1 0.277034 0.365410 0.071925 0.098545
0 0.204117 0.118221 0.074901 0.093585
