0 0.316840 0.541171 0.041915 0.060516
0 0.289931 0.977679 0.126984 0.043320
0 0.277158 0.927745 0.045883 0.060516
0 0.228175 0.892196 0.072421 0.095238
0 0.246900 0.554894 0.087550 0.078704
0 0.341022 0.072917 0.169643 0.145172
0 0.598338 0.658069 0.075149 0.099868
1 0.450149 0.614253 0.098710 0.128638
1 0.703745 0.571429 0.074157 0.070106
0 0.369296 0.502149 0.089782 0.131283
0 0.167287 0.811839 0.093998 0.109788
0 0.316964 0.130622 0.161210 0.148148
0 0.198537 0.053241 0.142609 0.105820
0 0.289187 0.722553 0.201389 0.262566
0 0.708829 0.430556 0.217758 0.257275
0 0.817584 0.078869 0.169891 0.157077
1 0.612971 0.532573 0.101935 0.126653
0 0.843626 0.270503 0.237351 0.271825
0 0.393477 0.868056 0.162450 0.219577
