0 0.023934 0.650794 0.047371 0.068122
0 0.042039 0.520503 0.070188 0.088624
1 0.413194 0.568122 0.054067 0.058862
0 0.790179 0.369213 0.039683 0.053241
1 0.844246 0.678571 0.081845 0.095238
0 0.086434 0.580192 0.068700 0.086310
0 0.775174 0.469577 0.076141 0.119048
1 0.758805 0.584987 0.094990 0.117725
1 0.964038 0.343585 0.071925 0.115741
1 0.847098 0.514385 0.102927 0.131283
1 0.376736 0.511905 0.111111 0.142196
1 0.453125 0.828208 0.137897 0.198743
1 0.093502 0.472388 0.120536 0.130622
1 0.442832 0.456515 0.082093 0.100198
1 0.258557 0.410714 0.091518 0.062831
