0 0.161334 0.076554 0.066220 0.070437
0 0.304191 0.217758 0.031498 0.043981
1 0.801091 0.080522 0.023313 0.029431
0 0.515997 0.713955 0.059772 0.097884
1 0.662574 0.078869 0.024058 0.035384
1 0.752108 0.078208 0.018105 0.021495
1 0.610739 0.155589 0.025546 0.034061
1 0.761657 0.444114 0.051091 0.070106
0 0.652158 0.208333 0.025546 0.028439
1 0.728671 0.080026 0.019841 0.024471
0 0.264881 0.249835 0.020337 0.031415
1 0.796875 0.063492 0.031250 0.041005
0 0.565476 0.179067 0.023313 0.036706
1 0.801215 0.534888 0.040427 0.049272
0 0.895213 0.385417 0.026042 0.040013
0 0.901538 0.431217 0.030754 0.043651
1 0.675719 0.096561 0.021081 0.028439
1 0.546875 0.183532 0.023810 0.035714
0 0.081349 0.085317 0.024802 0.031746
0 0.992932 0.501819 0.012649 0.051918
0 0.763889 0.177083 0.041171 0.045966
1 0.203373 0.019345 0.040675 0.038029
0 0.377728 0.123347 0.025298 0.033730
0 0.510169 0.094742 0.026290 0.033399
1 0.339906 0.265212 0.036458 0.045635
1 0.525174 0.203704 0.031498 0.034392
0 0.415427 0.146495 0.029762 0.039021
0 0.185392 0.051753 0.049355 0.057209
0 0.924727 0.380126 0.036954 0.041997
0 0.491319 0.126653 0.034226 0.044312
1 0.124380 0.545635 0.094990 0.097222
1 0.344742 0.046131 0.031250 0.042659
1 0.910342 0.764881 0.055804 0.064815
1 0.849702 0.538360 0.060516 0.059524
0 0.848214 0.135251 0.031250 0.040344
1 0.215278 0.742063 0.088790 0.124339
1 0.750744 0.220899 0.041171 0.050265
1 0.737351 0.699901 0.056548 0.079034
1 0.515129 0.168155 0.035714 0.045966
1 0.215278 0.876653 0.083333 0.111111
1 0.859003 0.711310 0.058284 0.086640
1 0.061136 0.766204 0.096478 0.110450
1 0.783978 0.776620 0.063492 0.085648
1 0.112847 0.849372 0.115575 0.144511
1 0.355531 0.084325 0.039931 0.041667
1 0.383805 0.069610 0.028026 0.039352
