0 0.372892 0.768353 0.036458 0.063161
1 0.903522 0.469411 0.045139 0.055886
1 0.446181 0.137731 0.022817 0.030093
1 0.384673 0.122024 0.032242 0.029762
0 0.771453 0.343585 0.028026 0.041667
0 0.012773 0.399802 0.025050 0.062831
1 0.499504 0.176753 0.030258 0.033399
1 0.181424 0.132937 0.036458 0.043651
1 0.504712 0.145503 0.026290 0.033730
0 0.011905 0.946429 0.023313 0.058201
1 0.591394 0.105489 0.028026 0.038360
0 0.461434 0.657077 0.037450 0.057540
0 0.410218 0.709491 0.049107 0.071098
1 0.471354 0.156581 0.030010 0.042659
1 0.243924 0.287698 0.039435 0.046958
0 0.596354 0.132110 0.027530 0.035384
1 0.478299 0.106481 0.029514 0.039683
1 0.103795 0.477348 0.049851 0.059193
0 0.629464 0.934854 0.051091 0.068783
0 0.235987 0.545139 0.044395 0.053241
0 0.686508 0.948413 0.063492 0.080688
1 0.384177 0.159392 0.040675 0.051587
1 0.568080 0.097388 0.034474 0.047288
1 0.400050 0.188161 0.029762 0.042989
0 0.601190 0.382110 0.043155 0.052579
0 0.857639 0.956515 0.056052 0.050595
0 0.764385 0.387731 0.033234 0.044643
1 0.905134 0.498347 0.046379 0.050926
1 0.035094 0.472057 0.069692 0.071759
1 0.802827 0.356978 0.052083 0.071759
0 0.198785 0.770007 0.076637 0.098214
1 0.831845 0.425761 0.061508 0.069775
1 0.946429 0.469081 0.051587 0.064484
1 0.188244 0.491733 0.045635 0.066799
0 0.288318 0.807044 0.084573 0.118056
1 0.190352 0.864749 0.096974 0.130952
1 0.845858 0.736442 0.114831 0.145503
1 0.203497 0.120701 0.030506 0.033069
1 0.242560 0.169974 0.043155 0.054233
1 0.346726 0.086640 0.028770 0.043651
