0 0.158333 0.883750 0.080000 0.111500
0 0.099333 0.662000 0.085333 0.115500
0 0.369500 0.742625 0.042333 0.066750
0 0.096833 0.457375 0.043000 0.056250
0 0.133000 0.486375 0.041667 0.058250
0 0.835750 0.664000 0.063833 0.078000
0 0.844083 0.530250 0.070833 0.098000
0 0.316667 0.239500 0.039667 0.060500
0 0.594417 0.201000 0.039500 0.052000
0 0.577500 0.301000 0.050000 0.075000
0 0.347167 0.544125 0.056333 0.063750
0 0.436750 0.539625 0.054833 0.081250
0 0.466417 0.647375 0.059833 0.071750
0 0.422167 0.360375 0.041000 0.056250
0 0.553833 0.486875 0.032000 0.042750
0 0.569750 0.528625 0.063833 0.061250
0 0.926083 0.613000 0.063833 0.088500
0 0.542417 0.325000 0.038167 0.066500
