1 0.827133 0.222057 0.032242 0.034722
0 0.954861 0.706515 0.088294 0.104167
0 0.659846 0.126653 0.052331 0.095238
0 0.532242 0.131614 0.059028 0.081349
0 0.921255 0.692130 0.093998 0.106481
1 0.683532 0.191964 0.061012 0.077712
1 0.916419 0.900463 0.106151 0.089286
0 0.578001 0.214782 0.072173 0.096892
1 0.938864 0.975364 0.105903 0.048611
0 0.252356 0.379630 0.077629 0.101190
0 0.051215 0.130622 0.101935 0.140873
0 0.645585 0.041336 0.071429 0.082011
0 0.193204 0.270999 0.097222 0.153108
1 0.797495 0.473380 0.142113 0.211971
0 0.746404 0.721065 0.071181 0.114087
1 0.382440 0.343254 0.116071 0.156746
0 0.547247 0.050761 0.125248 0.100860
0 0.375620 0.642692 0.119296 0.176918
1 0.258557 0.680721 0.141121 0.159061
1 0.692088 0.588790 0.183780 0.231151
0 0.118800 0.273313 0.120536 0.145172
1 0.848090 0.783565 0.201141 0.243056
1 0.413938 0.265046 0.054563 0.084325
