1 0.017857 0.266534 0.035218 0.068122
0 0.407986 0.334987 0.090278 0.080688
0 0.563988 0.598380 0.044147 0.067130
0 0.672867 0.452712 0.060020 0.070106
0 0.098090 0.072586 0.048859 0.075728
0 0.062872 0.111442 0.061756 0.063492
0 0.494792 0.177745 0.049603 0.077050
0 0.694816 0.399802 0.074157 0.080026
0 0.981027 0.114253 0.037946 0.083003
0 0.145461 0.029431 0.052827 0.056878
1 0.117684 0.708995 0.072173 0.104497
0 0.456969 0.271991 0.087054 0.108796
0 0.172371 0.544974 0.104167 0.104497
0 0.880208 0.357474 0.110615 0.117725
0 0.547247 0.216766 0.069196 0.086310
1 0.764137 0.466270 0.115079 0.128968
0 0.156126 0.449405 0.092014 0.089947
0 0.949033 0.708664 0.101935 0.157407
1 0.178447 0.219411 0.044891 0.058532
0 0.247148 0.086475 0.063244 0.083003
0 0.216766 0.154597 0.070933 0.081019
0 0.519097 0.701720 0.115079 0.146164
0 0.859995 0.762401 0.128720 0.154431
0 0.156870 0.954530 0.090526 0.090278
0 0.753100 0.747851 0.112351 0.151124
0 0.166667 0.822917 0.097718 0.115410
0 0.353671 0.591601 0.125496 0.130952
0 0.872272 0.472388 0.137401 0.139220
0 0.515129 0.415675 0.151290 0.166667
0 0.189360 0.668155 0.160466 0.181548
0 0.464534 0.586806 0.125496 0.143188
0 0.290303 0.491733 0.142609 0.163360
0 0.608755 0.811343 0.138145 0.178241
1 0.065228 0.362103 0.055060 0.057540
0 0.089038 0.533234 0.037698 0.041997
0 0.016989 0.074570 0.033482 0.087632
