0 0.177083 0.352625 0.063167 0.092750
0 0.191667 0.438000 0.071667 0.088500
0 0.220417 0.482250 0.045833 0.066500
0 0.358667 0.399000 0.075000 0.100000
0 0.284417 0.437500 0.047167 0.058500
0 0.457000 0.474000 0.066000 0.100000
0 0.504167 0.571875 0.035333 0.052250
0 0.483000 0.607750 0.034667 0.059500
0 0.493750 0.700500 0.053500 0.074000
0 0.626750 0.481750 0.027833 0.042500
0 0.860833 0.405750 0.050000 0.065500
0 0.749333 0.564000 0.052000 0.078000
0 0.678500 0.546375 0.049333 0.065750
0 0.647917 0.601500 0.042500 0.072000
0 0.704500 0.632375 0.047333 0.068750
0 0.619833 0.639125 0.040333 0.055250
0 0.659667 0.684875 0.042333 0.055250
0 0.610833 0.742125 0.041667 0.053250
0 0.074333 0.553125 0.031333 0.031250
0 0.162833 0.489625 0.027667 0.043750
