0 0.320809 0.906581 0.066716 0.086310
1 0.658234 0.849041 0.106647 0.137897
1 0.562500 0.273313 0.053075 0.071759
1 0.665427 0.203538 0.053075 0.065807
1 0.603423 0.319444 0.063492 0.074074
1 0.348214 0.218585 0.105159 0.125661
1 0.659474 0.530754 0.074901 0.093915
1 0.709821 0.126653 0.057044 0.078042
0 0.797123 0.574735 0.091270 0.109127
1 0.223462 0.190642 0.111607 0.152447
1 0.344494 0.789683 0.113095 0.142196
1 0.594990 0.106978 0.060020 0.093585
0 0.826265 0.414021 0.075645 0.115079
