0 0.983631 0.912864 0.032738 0.161045
0 0.083085 0.017196 0.064980 0.033730
0 0.596354 0.324735 0.100446 0.125000
0 0.936632 0.838294 0.061756 0.101852
0 0.159970 0.050761 0.050099 0.079696
0 0.848338 0.422454 0.137153 0.142526
0 0.983879 0.678737 0.032242 0.085648
0 0.329985 0.817626 0.093502 0.110780
0 0.390377 0.696925 0.059524 0.088955
0 0.981275 0.549272 0.036954 0.089286
0 0.170883 0.683036 0.145833 0.141204
0 0.699157 0.373016 0.089782 0.135582
0 0.309896 0.425761 0.089038 0.125331
0 0.601811 0.780093 0.103423 0.146825
0 0.881944 0.765708 0.065476 0.098876
0 0.931672 0.716601 0.063244 0.081349
0 0.560640 0.071759 0.095486 0.122354
0 0.800471 0.208499 0.124256 0.165675
0 0.163070 0.810020 0.161458 0.203373
0 0.208581 0.495040 0.153274 0.177249
0 0.809152 0.564319 0.172371 0.230489
0 0.491195 0.724868 0.122272 0.165344
0 0.189484 0.265708 0.166667 0.229167
