0 0.215250 0.401000 0.052167 0.058500
0 0.236750 0.654125 0.061833 0.083250
0 0.266667 0.661500 0.057667 0.098000
0 0.233333 0.852500 0.053333 0.074000
0 0.302417 0.765125 0.059833 0.078250
0 0.301417 0.551500 0.077167 0.111500
0 0.365250 0.706125 0.081167 0.118750
0 0.371167 0.488000 0.082000 0.082500
0 0.426750 0.578625 0.084833 0.123750
0 0.590250 0.323375 0.071500 0.094750
0 0.809000 0.632250 0.064667 0.098000
0 0.868333 0.577125 0.066667 0.093750
0 0.806250 0.119250 0.095167 0.113500
0 0.794750 0.238625 0.063833 0.081250
0 0.826667 0.281125 0.050000 0.081250
0 0.887500 0.240125 0.088333 0.119750
