0 0.953621 0.236442 0.079365 0.056878
0 0.729043 0.404597 0.027530 0.025463
0 0.370784 0.276786 0.044147 0.058201
0 0.826265 0.515708 0.051835 0.073743
0 0.827381 0.574735 0.064484 0.061508
0 0.614211 0.036045 0.033482 0.046296
0 0.597470 0.712798 0.083333 0.106151
0 0.768849 0.564815 0.037698 0.057540
0 0.329737 0.306052 0.053323 0.066468
0 0.900174 0.537864 0.099950 0.105489
0 0.722718 0.234954 0.111111 0.139220
0 0.674355 0.688327 0.059028 0.078373
0 0.759177 0.067956 0.110119 0.131944
0 0.730407 0.632110 0.073909 0.093585
0 0.542907 0.673776 0.099702 0.111442
0 0.668155 0.570106 0.101190 0.155423
0 0.904266 0.126819 0.191468 0.235119
0 0.565600 0.505126 0.197669 0.262235
0 0.350570 0.521495 0.216022 0.275794
1 0.127976 0.462302 0.244048 0.287698
0 0.804315 0.293485 0.165179 0.200066
