0 0.107887 0.208003 0.069444 0.080026
0 0.899058 0.984458 0.118056 0.031085
0 0.709573 0.482970 0.115575 0.106151
0 0.909474 0.306548 0.103671 0.140212
0 0.479911 0.733135 0.111607 0.093915
0 0.700769 0.146495 0.118800 0.150132
0 0.062004 0.442956 0.083829 0.110780
0 0.808780 0.844742 0.101687 0.122024
1 0.562872 0.930060 0.104415 0.139881
1 0.578869 0.720569 0.049107 0.087302
0 0.407118 0.897817 0.084573 0.123677
0 0.731151 0.583003 0.103175 0.161376
0 0.211186 0.222884 0.107391 0.111772
0 0.390129 0.214286 0.111111 0.150132
0 0.865947 0.802249 0.104911 0.139550
0 0.764137 0.405754 0.103175 0.175265
0 0.136533 0.026455 0.073661 0.052249
0 0.850942 0.259921 0.129960 0.187831
0 0.290055 0.269511 0.106895 0.119048
1 0.494296 0.815972 0.125992 0.171627
0 0.590030 0.139385 0.109623 0.170966
0 0.743552 0.900794 0.124504 0.194444
0 0.836434 0.492560 0.145089 0.198743
0 0.230407 0.052249 0.119544 0.103836
0 0.611979 0.599537 0.167907 0.259921
0 0.106275 0.357308 0.075149 0.106151
0 0.138269 0.477844 0.046875 0.063492
0 0.031870 0.424934 0.063244 0.075397
