0 0.959945 0.130126 0.047371 0.048611
0 0.243924 0.662368 0.089038 0.203704
0 0.575521 0.573909 0.087550 0.153108
1 0.544395 0.107474 0.116567 0.152116
1 0.692460 0.719907 0.111111 0.140873
1 0.500620 0.642196 0.108383 0.171958
1 0.464410 0.199901 0.100942 0.135913
1 0.654390 0.571594 0.122272 0.171627
0 0.394345 0.386905 0.157738 0.171958
0 0.363963 0.681052 0.190228 0.237765
1 0.563244 0.843585 0.215774 0.300265
1 0.385789 0.503307 0.103919 0.087302
0 0.516493 0.486276 0.075149 0.130622
