1 0.327257 0.381118 0.042907 0.061839
1 0.860615 0.113757 0.058532 0.085979
1 0.980779 0.333995 0.037450 0.050926
0 0.971354 0.531415 0.042907 0.062169
1 0.616319 0.361772 0.062500 0.069444
1 0.132937 0.077712 0.063492 0.085317
1 0.390625 0.260086 0.053075 0.063161
1 0.605655 0.555225 0.062004 0.076720
1 0.380828 0.390212 0.054812 0.076720
1 0.285218 0.223380 0.062500 0.083664
1 0.220114 0.499835 0.116319 0.133267
1 0.530754 0.951720 0.100694 0.095899
1 0.403522 0.179067 0.053075 0.072421
1 0.715154 0.790675 0.084573 0.124339
0 0.736855 0.513724 0.073909 0.090278
1 0.084821 0.575231 0.126488 0.146495
1 0.744420 0.072586 0.038442 0.067130
1 0.787326 0.759590 0.073165 0.110450
