0 0.756696 0.399802 0.041667 0.050265
1 0.990451 0.614749 0.018601 0.102513
1 0.791543 0.703538 0.056300 0.058532
0 0.375248 0.354001 0.058532 0.112103
0 0.735119 0.303737 0.056548 0.043981
1 0.805804 0.125992 0.050595 0.091931
0 0.307292 0.844081 0.092262 0.116733
1 0.248140 0.946925 0.092014 0.104167
0 0.268601 0.214286 0.072917 0.107143
0 0.643849 0.305060 0.038194 0.057870
0 0.971230 0.106151 0.057540 0.091270
0 0.414683 0.442130 0.053075 0.077381
1 0.879588 0.377811 0.057292 0.068452
1 0.274306 0.488426 0.128968 0.145503
1 0.730283 0.362765 0.079613 0.090608
0 0.224330 0.606151 0.105407 0.152116
1 0.229911 0.076554 0.074901 0.100860
1 0.849082 0.454696 0.072173 0.076720
0 0.744296 0.154101 0.084821 0.107804
0 0.743180 0.583003 0.115823 0.166005
1 0.819568 0.372520 0.082589 0.102844
0 0.531746 0.119544 0.073909 0.104167
0 0.113219 0.569114 0.124256 0.150132
1 0.954985 0.504299 0.063244 0.078042
1 0.648686 0.605655 0.136657 0.190807
0 0.141121 0.774802 0.145337 0.220899
1 0.828621 0.871032 0.163690 0.238095
1 0.758681 0.240245 0.071429 0.074405
1 0.886781 0.648148 0.168899 0.219577
0 0.289435 0.119874 0.061508 0.086971
1 0.957837 0.048446 0.054067 0.069775
