0 0.362227 0.556713 0.049355 0.065807
0 0.796751 0.025463 0.062748 0.050265
1 0.358507 0.017196 0.077133 0.033069
0 0.779142 0.741071 0.041419 0.054894
1 0.325893 0.080522 0.036210 0.043981
0 0.984995 0.237269 0.029514 0.149140
0 0.021577 0.300761 0.042659 0.065807
0 0.957341 0.667989 0.081845 0.126984
0 0.723462 0.663360 0.096230 0.133598
1 0.397569 0.025132 0.049603 0.049603
0 0.106771 0.291667 0.059772 0.086640
1 0.967138 0.031085 0.065228 0.061508
0 0.291171 0.075893 0.049107 0.073743
0 0.124876 0.690642 0.093502 0.116071
0 0.614583 0.781581 0.112103 0.145833
0 0.279514 0.230655 0.103175 0.119378
1 0.477431 0.734954 0.133929 0.168320
0 0.328001 0.734458 0.106399 0.091270
0 0.158482 0.037864 0.100198 0.075066
0 0.899306 0.715112 0.091766 0.102844
0 0.610491 0.917163 0.121280 0.165013
0 0.714782 0.070271 0.125000 0.139881
1 0.072049 0.791667 0.110863 0.129630
0 0.244916 0.032077 0.067212 0.063492
0 0.805804 0.850364 0.167659 0.191468
0 0.216890 0.623843 0.108383 0.129960
0 0.212674 0.736442 0.099950 0.122354
1 0.770337 0.146495 0.150298 0.183862
