0 0.907862 0.361938 0.057788 0.072421
1 0.572173 0.391204 0.117560 0.143519
1 0.251240 0.463294 0.070933 0.102513
1 0.410590 0.037533 0.109871 0.074405
0 0.212922 0.503638 0.058780 0.071429
1 0.649182 0.336640 0.093006 0.117063
0 0.603423 0.254630 0.060020 0.096561
1 0.677703 0.935516 0.120784 0.128968
1 0.641369 0.789683 0.142361 0.189153
1 0.833457 0.482474 0.129216 0.149471
1 0.737103 0.389220 0.114583 0.164021
1 0.126240 0.670635 0.156746 0.199735
1 0.609871 0.108962 0.086310 0.117394
