1 0.906870 0.021164 0.057788 0.041667
1 0.914435 0.061343 0.067956 0.084325
1 0.969494 0.104167 0.060516 0.129630
1 0.944444 0.316138 0.103671 0.142857
1 0.218998 0.453208 0.123016 0.118056
1 0.096726 0.534061 0.138393 0.142857
0 0.221974 0.539848 0.119048 0.144511
1 0.930308 0.477844 0.064980 0.089286
1 0.738839 0.702216 0.110615 0.130622
1 0.621900 0.652612 0.158482 0.190146
0 0.722842 0.436839 0.094494 0.074735
0 0.460565 0.502149 0.079365 0.089616
0 0.590278 0.030919 0.066468 0.061177
