0 0.525546 0.980159 0.089286 0.039021
0 0.129464 0.222057 0.031746 0.053241
0 0.016617 0.065807 0.032738 0.054894
1 0.387649 0.753472 0.067956 0.114749
1 0.157242 0.633433 0.063492 0.082341
1 0.540427 0.056713 0.050099 0.069775
1 0.206101 0.013062 0.091766 0.024802
1 0.080729 0.727679 0.056300 0.073082
0 0.010417 0.307540 0.020337 0.077381
1 0.495164 0.201389 0.052827 0.064153
1 0.045015 0.692626 0.089534 0.190146
1 0.468626 0.652612 0.067212 0.094246
1 0.540427 0.156581 0.058036 0.066468
1 0.713418 0.161706 0.069196 0.065476
0 0.050471 0.486938 0.082589 0.110119
0 0.073165 0.217262 0.081845 0.101190
1 0.609499 0.266534 0.066716 0.105820
0 0.438120 0.189815 0.065228 0.083333
0 0.029018 0.347388 0.053571 0.071759
1 0.472346 0.754630 0.113839 0.131614
1 0.564484 0.435351 0.090774 0.108135
0 0.340774 0.249339 0.081845 0.110450
1 0.695685 0.420139 0.134921 0.169643
0 0.156250 0.502811 0.081845 0.122685
