1 0.980779 0.670139 0.037946 0.059854
1 0.816468 0.804233 0.093254 0.166005
1 0.317336 0.048446 0.069692 0.086971
1 0.425471 0.059028 0.167907 0.117394
1 0.258805 0.037698 0.078621 0.074735
1 0.970982 0.285384 0.056548 0.145503
0 0.476935 0.895503 0.078869 0.125661
1 0.919147 0.667659 0.098710 0.114418
1 0.503596 0.195933 0.142113 0.178241
1 0.622768 0.918155 0.153770 0.161706
1 0.724454 0.823909 0.136905 0.198082
1 0.293031 0.460979 0.161458 0.221561
1 0.368676 0.871032 0.156002 0.233466
1 0.777654 0.475364 0.138145 0.173611
1 0.296627 0.641534 0.169643 0.200397
1 0.980903 0.410549 0.038194 0.091601
