0 0.652778 0.233466 0.040179 0.059524
0 0.054688 0.011739 0.081101 0.022817
0 0.613963 0.254134 0.076637 0.103505
1 0.615575 0.632440 0.085813 0.086310
0 0.509673 0.630126 0.089286 0.124008
0 0.458581 0.022817 0.073413 0.044974
0 0.582961 0.162864 0.072173 0.110780
1 0.734747 0.334491 0.070188 0.081680
1 0.623884 0.506118 0.088046 0.110780
1 0.595858 0.686343 0.087054 0.134590
0 0.584821 0.437831 0.097718 0.124339
0 0.492684 0.772983 0.125744 0.153108
0 0.455357 0.321925 0.125496 0.162368
0 0.296007 0.648479 0.154018 0.197751
0 0.268973 0.802249 0.144593 0.174603
0 0.656250 0.124835 0.085813 0.124008
0 0.394965 0.186839 0.152034 0.203042
0 0.404142 0.908069 0.125744 0.183862
