1 0.568080 0.192956 0.017609 0.024802
0 0.427207 0.520833 0.030010 0.041005
0 0.467634 0.343419 0.027530 0.032738
1 0.290427 0.760417 0.037202 0.058532
1 0.665675 0.113426 0.021329 0.028439
1 0.513269 0.610450 0.031002 0.056878
1 0.449529 0.145007 0.020585 0.026786
1 0.471602 0.135582 0.021081 0.020503
0 0.468006 0.312996 0.019345 0.026124
1 0.490451 0.234954 0.037946 0.041336
1 0.532738 0.094411 0.026786 0.027447
0 0.652778 0.153274 0.019841 0.027447
1 0.468006 0.084656 0.022321 0.026455
0 0.406002 0.193618 0.023810 0.038690
0 0.379836 0.280589 0.034474 0.044643
1 0.788566 0.754630 0.046379 0.059524
1 0.203373 0.682044 0.060516 0.077712
0 0.630952 0.171462 0.031250 0.040013
1 0.605407 0.163856 0.030258 0.038690
0 0.281126 0.379134 0.023562 0.030093
0 0.740699 0.338790 0.026042 0.034061
0 0.678695 0.091435 0.026042 0.032738
1 0.766865 0.805556 0.046131 0.057540
0 0.246156 0.337798 0.038442 0.044643
0 0.433780 0.333829 0.033730 0.041336
0 0.579117 0.226687 0.024306 0.035384
1 0.740823 0.682374 0.056548 0.076389
1 0.611731 0.229001 0.038442 0.048611
1 0.722718 0.774802 0.058036 0.073413
1 0.524554 0.261739 0.042163 0.057209
1 0.160838 0.724206 0.069692 0.079365
1 0.901910 0.661541 0.073165 0.099537
1 0.537698 0.716601 0.076389 0.102513
1 0.571677 0.793651 0.056052 0.079365
1 0.238715 0.073909 0.054315 0.036045
1 0.276662 0.145999 0.025050 0.032738
1 0.657118 0.661541 0.036954 0.047950
1 0.594246 0.683532 0.040675 0.042989
1 0.852679 0.637731 0.042163 0.057209
1 0.941468 0.654101 0.039187 0.080026
