0 0.974330 0.854497 0.049355 0.092593
0 0.698289 0.581515 0.038442 0.062500
1 0.760789 0.751819 0.133185 0.167659
1 0.038814 0.267196 0.077133 0.173942
0 0.593626 0.666667 0.079613 0.076058
1 0.247644 0.396495 0.073165 0.091270
0 0.832341 0.682044 0.095734 0.119378
1 0.924727 0.793651 0.149058 0.190476
1 0.887525 0.907573 0.116815 0.137235
0 0.734251 0.457011 0.119296 0.129630
1 0.075645 0.419478 0.150794 0.170304
0 0.636285 0.610946 0.146081 0.168981
1 0.733011 0.855655 0.175843 0.246362
1 0.178199 0.318618 0.131200 0.175595
1 0.194196 0.832176 0.075397 0.137235
1 0.972346 0.373677 0.052331 0.052249
1 0.387277 0.973380 0.066220 0.053241
1 0.250620 0.099537 0.033482 0.041667
1 0.156622 0.095073 0.029514 0.035384
1 0.160590 0.056217 0.029514 0.029762
1 0.233507 0.040179 0.029514 0.036045
0 0.357887 0.047619 0.043155 0.044974
