0 0.974950 0.592097 0.045139 0.066468
1 0.883557 0.583829 0.039931 0.071098
0 0.459077 0.223876 0.055060 0.039683
0 0.780630 0.394015 0.081597 0.133267
0 0.934152 0.582507 0.069692 0.081019
1 0.987351 0.757937 0.024802 0.121032
1 0.370784 0.419478 0.107639 0.133929
0 0.131448 0.693618 0.091766 0.084325
1 0.843998 0.573413 0.079861 0.102513
0 0.235987 0.700893 0.122272 0.183532
0 0.146453 0.608962 0.113343 0.153108
0 0.374256 0.260417 0.107143 0.123347
0 0.825149 0.473380 0.090278 0.094246
0 0.082713 0.583499 0.125248 0.151786
0 0.855531 0.188161 0.076141 0.094577
0 0.483755 0.697421 0.115823 0.202381
1 0.724330 0.263724 0.165923 0.195437
1 0.387277 0.764220 0.151042 0.201058
1 0.910342 0.369048 0.178323 0.225529
1 0.472842 0.530589 0.055308 0.030093
