0 0.882000 0.250500 0.050667 0.076000
0 0.773917 0.440125 0.061167 0.090750
0 0.107250 0.308250 0.069500 0.087500
0 0.112167 0.384375 0.044333 0.056250
0 0.212083 0.373875 0.062500 0.083250
0 0.457583 0.372375 0.029833 0.038750
0 0.445500 0.446875 0.036000 0.052250
0 0.450000 0.485375 0.042333 0.060250
0 0.413167 0.583750 0.049333 0.074000
0 0.448250 0.569250 0.031833 0.053000
0 0.489250 0.533375 0.040167 0.058250
0 0.528833 0.526000 0.039000 0.052000
0 0.574000 0.581750 0.033333 0.051000
0 0.608000 0.550500 0.032000 0.042500
0 0.723667 0.301625 0.032667 0.032250
0 0.715333 0.339625 0.032667 0.041750
0 0.656250 0.611000 0.046500 0.051000
0 0.701000 0.563500 0.050000 0.050000
0 0.672917 0.476625 0.039500 0.053250
0 0.714250 0.510875 0.055500 0.071750
0 0.737500 0.544875 0.030000 0.056250
