0 0.013641 0.483466 0.026786 0.206349
0 0.987103 0.050265 0.025298 0.099868
0 0.528770 0.221396 0.126984 0.114749
0 0.345362 0.474868 0.044395 0.097222
0 0.643725 0.239253 0.063740 0.072421
0 0.687376 0.197090 0.067212 0.086640
0 0.098710 0.047619 0.067956 0.087963
1 0.952753 0.116733 0.071677 0.082672
1 0.767361 0.432044 0.088790 0.109458
0 0.618676 0.573909 0.063244 0.118717
0 0.535466 0.294478 0.115079 0.138558
0 0.285218 0.487434 0.126488 0.142196
0 0.232019 0.548942 0.104415 0.107804
0 0.553323 0.568122 0.093750 0.136243
1 0.309400 0.302249 0.162450 0.229497
0 0.916915 0.523313 0.155258 0.200066
0 0.610243 0.410880 0.154514 0.211310
0 0.701637 0.576224 0.143353 0.189484
0 0.479167 0.479001 0.125000 0.155754
0 0.140005 0.411376 0.193204 0.217593
