1 0.887897 0.033896 0.054563 0.067130
0 0.320064 0.633929 0.116319 0.140212
1 0.968874 0.046627 0.059772 0.083995
0 0.447173 0.510417 0.126488 0.096230
0 0.470114 0.036045 0.130208 0.071429
0 0.890253 0.471892 0.159474 0.196429
1 0.981151 0.134425 0.037202 0.094246
0 0.466642 0.180556 0.100942 0.164021
0 0.389881 0.402943 0.118552 0.123347
0 0.346230 0.035880 0.130952 0.071098
1 0.924107 0.622024 0.151786 0.208333
0 0.428695 0.621362 0.163442 0.179233
1 0.404142 0.294974 0.113343 0.123677
1 0.766121 0.303737 0.125992 0.187500
0 0.509797 0.721065 0.140129 0.211310
0 0.238591 0.829696 0.193948 0.254630
