1 0.598834 0.629299 0.034970 0.067460
1 0.718378 0.377646 0.035466 0.058862
1 0.806176 0.376157 0.112351 0.147817
0 0.019221 0.205357 0.037946 0.101852
1 0.568452 0.626653 0.065476 0.080688
1 0.265625 0.637401 0.096726 0.135913
1 0.784102 0.396495 0.116319 0.137566
1 0.530754 0.436343 0.099206 0.128638
1 0.501488 0.587798 0.095734 0.120040
1 0.213170 0.517526 0.147569 0.174603
1 0.607267 0.542163 0.071181 0.098876
1 0.417535 0.430556 0.071677 0.101852
1 0.111731 0.271495 0.078125 0.127646
