0 0.341750 0.658625 0.117500 0.176250
0 0.483667 0.633750 0.130333 0.195500
0 0.455083 0.804875 0.105167 0.157750
0 0.389000 0.900500 0.051333 0.077000
0 0.435167 0.429250 0.121667 0.182500
0 0.701333 0.509250 0.080333 0.120500
0 0.663083 0.623375 0.081833 0.122750
0 0.760833 0.576750 0.061667 0.092500
0 0.130417 0.165625 0.106500 0.159750
0 0.841167 0.087500 0.109333 0.164000
0 0.251833 0.163000 0.069667 0.104500
0 0.054333 0.090250 0.099333 0.127500
0 0.784583 0.089125 0.036833 0.071250
0 0.949167 0.182875 0.070000 0.117250
0 0.979083 0.029500 0.041833 0.058500
0 0.919167 0.711000 0.067667 0.115000
