1 0.644717 0.273810 0.081101 0.097884
0 0.408978 0.058862 0.065972 0.094577
0 0.138889 0.240741 0.054563 0.096561
1 0.689484 0.631118 0.151786 0.213294
0 0.406126 0.207176 0.049851 0.073743
0 0.259301 0.155423 0.060764 0.067460
1 0.848214 0.726190 0.256944 0.344577
0 0.255208 0.248347 0.079365 0.113095
0 0.349950 0.525298 0.113095 0.158399
0 0.252604 0.617560 0.117808 0.159722
0 0.569444 0.699405 0.186508 0.265873
1 0.128596 0.739749 0.210565 0.246032
1 0.376612 0.724868 0.174355 0.238095
0 0.424727 0.453208 0.162946 0.205357
1 0.711930 0.439319 0.170387 0.159061
