1 0.459945 0.456515 0.048363 0.049934
0 0.593130 0.462467 0.067708 0.089616
0 0.420263 0.203042 0.047867 0.054894
0 0.560516 0.546792 0.050595 0.079034
0 0.818948 0.405589 0.078373 0.104828
0 0.954613 0.240741 0.073413 0.073413
0 0.840278 0.475364 0.086310 0.129960
0 0.681548 0.429233 0.061508 0.074735
0 0.883557 0.635251 0.083085 0.119709
0 0.715526 0.497354 0.090278 0.100529
0 0.185764 0.786872 0.124504 0.217923
0 0.432416 0.095899 0.076141 0.105159
0 0.482639 0.160384 0.072421 0.083995
0 0.513269 0.514220 0.098462 0.124339
0 0.954365 0.620205 0.090774 0.121362
0 0.264633 0.834987 0.182044 0.254630
0 0.259053 0.384921 0.171875 0.222222
0 0.215278 0.152282 0.186508 0.245701
0 0.388517 0.309854 0.151538 0.201058
0 0.444320 0.776786 0.211558 0.282407
0 0.540427 0.116237 0.055556 0.075066
0 0.607515 0.234458 0.060764 0.078042
0 0.559772 0.289848 0.074901 0.086310
0 0.946305 0.167659 0.050843 0.063492
0 0.566964 0.727348 0.055060 0.095569
