1 0.319816 0.064980 0.047371 0.046627
1 0.299851 0.021660 0.048115 0.038029
0 0.881944 0.870040 0.094742 0.129630
1 0.281870 0.028770 0.025050 0.033730
0 0.808532 0.631614 0.040675 0.052249
1 0.772941 0.831845 0.092510 0.096230
0 0.396329 0.336971 0.021329 0.043651
1 0.017485 0.106481 0.034474 0.070767
1 0.312624 0.017692 0.035466 0.034722
0 0.017113 0.672950 0.028274 0.035714
0 0.392609 0.296131 0.023810 0.039352
1 0.860987 0.583333 0.060268 0.053571
0 0.438492 0.274471 0.024802 0.032407
1 0.949157 0.572421 0.076389 0.074735
0 0.070312 0.526290 0.070188 0.057209
0 0.447421 0.333995 0.033730 0.050265
1 0.042535 0.398810 0.064732 0.066799
0 0.183780 0.232639 0.041171 0.043981
1 0.212302 0.206515 0.034722 0.051257
0 0.594122 0.151124 0.025546 0.033730
0 0.769469 0.037037 0.032490 0.039021
1 0.035962 0.488757 0.071429 0.120370
1 0.307292 0.057044 0.032242 0.041997
1 0.800719 0.280919 0.050347 0.071098
1 0.857391 0.938823 0.072917 0.091931
1 0.335193 0.075893 0.034970 0.047288
1 0.174603 0.178571 0.040179 0.057540
1 0.114707 0.482474 0.087054 0.109127
0 0.747148 0.648975 0.076637 0.088955
1 0.390625 0.565311 0.074901 0.113426
0 0.688988 0.749339 0.091766 0.111772
1 0.297867 0.541667 0.079365 0.107143
1 0.325025 0.641700 0.093006 0.105489
1 0.756448 0.909392 0.114087 0.152778
0 0.366815 0.267361 0.022321 0.032077
1 0.318328 0.233300 0.028026 0.032077
1 0.326637 0.273313 0.022321 0.022156
1 0.345114 0.250331 0.024058 0.025794
1 0.242684 0.260913 0.024058 0.029762
