0 0.017237 0.949405 0.033978 0.100529
1 0.019841 0.020833 0.037698 0.040344
1 0.082093 0.194114 0.067460 0.058862
0 0.175471 0.746032 0.066220 0.110450
1 0.909102 0.306548 0.099454 0.127646
1 0.278522 0.684854 0.078373 0.101190
1 0.926959 0.460979 0.144097 0.181878
0 0.254464 0.044478 0.140873 0.088294
1 0.691592 0.668155 0.123264 0.180886
1 0.106151 0.095073 0.072421 0.084325
1 0.585193 0.800265 0.092510 0.136243
1 0.763145 0.750331 0.135913 0.191138
0 0.051091 0.566634 0.101687 0.198743
1 0.390129 0.659888 0.106647 0.141865
0 0.115575 0.666667 0.124008 0.159392
1 0.877232 0.219577 0.174107 0.268519
1 0.425843 0.780589 0.113591 0.158399
1 0.210441 0.856151 0.111855 0.150794
0 0.777158 0.358962 0.185764 0.213294
1 0.312376 0.790344 0.141617 0.194444
