0 0.054833 0.768750 0.081333 0.096000
0 0.233333 0.436375 0.059000 0.079250
0 0.273583 0.387000 0.054833 0.072000
0 0.274667 0.517625 0.061000 0.083250
0 0.376417 0.488500 0.052167 0.071000
0 0.348250 0.571875 0.048500 0.070750
0 0.336083 0.262000 0.038167 0.049000
0 0.578167 0.365000 0.043000 0.061500
0 0.493750 0.475500 0.046500 0.063500
0 0.665583 0.411375 0.036167 0.054250
0 0.715250 0.456250 0.038167 0.052000
0 0.812083 0.461000 0.037500 0.061500
0 0.421917 0.514000 0.038833 0.049000
