1 0.142857 0.330192 0.047123 0.073743
0 0.896453 0.124339 0.044395 0.054894
0 0.788318 0.440311 0.068204 0.090939
0 0.265005 0.110450 0.095982 0.131614
0 0.715030 0.070271 0.048611 0.069775
0 0.769469 0.102183 0.045387 0.070767
1 0.724826 0.318618 0.044395 0.059854
0 0.739955 0.125661 0.051835 0.065476
0 0.661582 0.325728 0.083581 0.096561
0 0.203621 0.072586 0.085813 0.139220
0 0.794147 0.710317 0.059028 0.066799
0 0.841270 0.274306 0.067460 0.084987
0 0.879712 0.375331 0.086806 0.104497
0 0.839286 0.110284 0.059028 0.063161
0 0.658234 0.451885 0.074405 0.094907
0 0.957589 0.121032 0.053571 0.076058
0 0.643973 0.044974 0.039931 0.056217
0 0.837302 0.491237 0.087798 0.115410
0 0.156994 0.518188 0.106151 0.136905
0 0.205853 0.225860 0.084821 0.123016
0 0.903894 0.479167 0.063740 0.091270
0 0.123140 0.439649 0.139633 0.165013
0 0.890005 0.236276 0.076141 0.073743
0 0.201265 0.743552 0.144097 0.142526
0 0.692956 0.630126 0.106151 0.146495
0 0.808904 0.628307 0.097966 0.113095
0 0.675595 0.248347 0.099206 0.113095
0 0.546751 0.442956 0.137153 0.176257
1 0.574405 0.607143 0.177579 0.205688
0 0.139385 0.656581 0.180060 0.204696
0 0.378720 0.418155 0.223710 0.284061
