1 0.015625 0.231647 0.026786 0.109458
1 0.694072 0.308036 0.131200 0.129960
1 0.503596 0.800761 0.121280 0.172288
1 0.860615 0.290179 0.094742 0.149140
1 0.822669 0.434524 0.113591 0.124339
1 0.800843 0.311839 0.108135 0.153439
1 0.195685 0.605159 0.208829 0.258598
1 0.055308 0.313161 0.094246 0.093915
1 0.473214 0.187831 0.118056 0.162698
1 0.677331 0.439153 0.174107 0.225529
0 0.249752 0.323909 0.137897 0.164352
1 0.527034 0.348876 0.163690 0.259921
0 0.237475 0.828704 0.220982 0.265212
1 0.564360 0.964451 0.138641 0.071098
