0 0.938244 0.258929 0.035218 0.047619
1 0.819196 0.391700 0.038194 0.050595
1 0.867312 0.385251 0.059028 0.062831
1 0.932788 0.014054 0.046627 0.027447
0 0.147693 0.774802 0.162946 0.145503
0 0.202009 0.202050 0.072669 0.072751
0 0.695064 0.749835 0.074157 0.086310
1 0.099082 0.283896 0.100942 0.094246
1 0.742436 0.058697 0.086558 0.116733
0 0.787822 0.444114 0.077133 0.105159
0 0.400794 0.716931 0.091766 0.144180
1 0.296627 0.801257 0.171627 0.231481
1 0.739583 0.847884 0.108631 0.146164
1 0.107267 0.654266 0.191716 0.252976
1 0.854167 0.846726 0.104663 0.116733
1 0.867560 0.543651 0.141865 0.152778
1 0.795883 0.745370 0.119048 0.160053
1 0.938492 0.440642 0.102679 0.119378
1 0.868304 0.293651 0.092758 0.118386
0 0.298363 0.673942 0.104167 0.091931
1 0.605903 0.631944 0.047123 0.082011
