0 0.878968 0.569610 0.242063 0.395833
1 0.741691 0.023479 0.103919 0.044312
0 0.922991 0.308532 0.148065 0.267857
0 0.833705 0.279101 0.071181 0.100529
1 0.046751 0.381118 0.059276 0.079696
0 0.620288 0.182044 0.064980 0.072421
0 0.313492 0.538360 0.079861 0.100529
0 0.328497 0.399306 0.094494 0.166336
0 0.110987 0.467262 0.078125 0.103836
0 0.506200 0.696925 0.137401 0.201389
1 0.198785 0.516204 0.129712 0.129630
1 0.434028 0.514220 0.105655 0.142196
1 0.752232 0.124339 0.116567 0.154762
1 0.577877 0.116237 0.099702 0.124669
0 0.100818 0.339782 0.144593 0.156415
0 0.232887 0.425265 0.152282 0.164021
1 0.409474 0.662368 0.133929 0.181217
0 0.682540 0.857143 0.218254 0.277778
0 0.237723 0.246032 0.164435 0.183201
0 0.755084 0.498016 0.124752 0.252646
1 0.586806 0.371362 0.048115 0.107804
1 0.250620 0.574074 0.067212 0.045635
