0 0.470734 0.255126 0.042163 0.052579
0 0.672743 0.043485 0.026538 0.036706
0 0.027530 0.527116 0.051091 0.067460
0 0.678075 0.206680 0.038194 0.046296
0 0.878844 0.455192 0.050843 0.071098
0 0.031994 0.449405 0.063492 0.105159
0 0.799231 0.062335 0.096478 0.118717
0 0.426959 0.279762 0.049851 0.061508
0 0.952753 0.484458 0.079117 0.097222
0 0.387525 0.231978 0.051835 0.069775
0 0.761905 0.205192 0.086310 0.116733
0 0.732143 0.461806 0.165675 0.150463
0 0.674975 0.666171 0.107391 0.130622
0 0.915675 0.109788 0.165675 0.199074
0 0.359003 0.543651 0.201141 0.241402
0 0.565104 0.562335 0.211558 0.268849
0 0.828993 0.248347 0.138145 0.166005
1 0.164683 0.479663 0.203869 0.240410
0 0.753472 0.606647 0.157738 0.172950
