1 0.987847 0.751819 0.023810 0.074405
0 0.606771 0.738261 0.079613 0.089616
1 0.346106 0.258433 0.040427 0.042659
1 0.287450 0.019676 0.042659 0.038690
0 0.016245 0.652778 0.031994 0.128968
1 0.917659 0.963294 0.081845 0.073413
1 0.175471 0.007440 0.030010 0.013558
1 0.536582 0.014054 0.034970 0.027447
1 0.018849 0.437665 0.037202 0.203373
0 0.133433 0.841270 0.144841 0.198413
0 0.364335 0.235946 0.055556 0.081680
1 0.455605 0.154101 0.049603 0.074735
0 0.640873 0.844577 0.062500 0.095238
1 0.716146 0.969577 0.066220 0.060185
0 0.242312 0.304894 0.089782 0.091270
1 0.798983 0.309524 0.072669 0.105159
1 0.939112 0.679233 0.053819 0.069444
1 0.164807 0.171131 0.055308 0.061839
0 0.321677 0.353175 0.139881 0.154762
1 0.031250 0.798776 0.062004 0.138558
1 0.485615 0.249669 0.099206 0.111111
1 0.747024 0.375827 0.088790 0.106812
1 0.560888 0.203704 0.072173 0.109788
1 0.497892 0.190807 0.085069 0.118386
1 0.719866 0.278274 0.083085 0.111442
0 0.231027 0.772983 0.218006 0.305225
0 0.697173 0.875827 0.107143 0.147817
1 0.316220 0.474372 0.166667 0.190146
1 0.935144 0.893684 0.064732 0.063823
