0 0.533606 0.014054 0.089038 0.027447
1 0.707589 0.038525 0.071925 0.076389
0 0.672123 0.440146 0.100694 0.150132
0 0.751116 0.079696 0.059772 0.071429
0 0.935516 0.056713 0.046627 0.060516
0 0.887773 0.124835 0.041915 0.061177
0 0.843750 0.110946 0.059028 0.071098
0 0.817460 0.190642 0.057540 0.075728
0 0.666791 0.643519 0.176339 0.258598
0 0.574157 0.515708 0.149306 0.226521
0 0.780506 0.405589 0.141369 0.171627
0 0.282614 0.445933 0.177827 0.233796
0 0.095114 0.383102 0.184772 0.263558
0 0.380828 0.590278 0.181796 0.273148
0 0.589162 0.206019 0.158978 0.238757
0 0.814856 0.621528 0.171875 0.189484
0 0.181920 0.618056 0.213542 0.228836
