0 0.846602 0.592262 0.020585 0.029101
1 0.686384 0.287533 0.022569 0.030754
1 0.838790 0.247024 0.031250 0.040344
0 0.944816 0.662864 0.026538 0.035384
1 0.519221 0.850364 0.046379 0.062500
1 0.820561 0.208995 0.031498 0.041667
1 0.865327 0.120866 0.032738 0.038029
0 0.620784 0.157903 0.025298 0.038029
0 0.653770 0.977844 0.088790 0.044312
1 0.815476 0.254630 0.036706 0.044312
0 0.884673 0.709821 0.036706 0.040013
0 0.211310 0.227679 0.027282 0.040013
1 0.637153 0.180556 0.032738 0.042989
1 0.693700 0.520668 0.033730 0.057870
0 0.797619 0.219577 0.024802 0.037037
0 0.664435 0.190146 0.026290 0.037037
0 0.848462 0.625165 0.026290 0.034061
1 0.027902 0.663360 0.054812 0.146164
0 0.879960 0.668155 0.040179 0.053241
0 0.668155 0.555556 0.034722 0.054233
0 0.957589 0.751653 0.051587 0.062169
1 0.537574 0.928241 0.053323 0.078042
1 0.744172 0.280258 0.036954 0.049272
1 0.816096 0.155093 0.027034 0.035714
1 0.723090 0.324405 0.036458 0.048280
1 0.627852 0.119048 0.034970 0.045635
1 0.386285 0.195933 0.041915 0.055886
1 0.755828 0.351356 0.041419 0.052579
1 0.377728 0.246032 0.037698 0.048280
1 0.523934 0.386409 0.056300 0.077050
1 0.731771 0.551422 0.042411 0.034061
1 0.731523 0.585317 0.039931 0.027778
1 0.693080 0.604993 0.039931 0.039352
