0 0.573917 0.661375 0.102167 0.153250
0 0.709083 0.735875 0.114500 0.171750
0 0.839083 0.508125 0.090500 0.135750
0 0.903750 0.733125 0.096500 0.144750
0 0.790250 0.672875 0.089833 0.134750
0 0.470667 0.744500 0.092667 0.139000
0 0.574667 0.808250 0.083333 0.125000
0 0.348250 0.490125 0.047833 0.071750
0 0.293083 0.442375 0.056500 0.084750
0 0.354333 0.137500 0.083333 0.125000
0 0.492000 0.621250 0.112333 0.168500
0 0.621583 0.748375 0.073167 0.109750
0 0.290417 0.134250 0.045167 0.084500
0 0.837000 0.322000 0.084667 0.116000
