0 0.015129 0.359954 0.029762 0.071098
1 0.841890 0.582341 0.068700 0.066799
0 0.532366 0.512235 0.061756 0.074735
1 0.510293 0.418981 0.108879 0.113095
0 0.057168 0.427579 0.072669 0.074074
0 0.305308 0.913194 0.117063 0.164352
1 0.808532 0.425430 0.105655 0.136574
1 0.913070 0.343585 0.091518 0.103836
1 0.771825 0.568618 0.090278 0.061839
1 0.353175 0.140708 0.067460 0.051918
0 0.124380 0.482804 0.042907 0.054233
0 0.124628 0.402778 0.054315 0.053571
0 0.507937 0.443452 0.061508 0.063492
