1 0.405093 0.433160 0.068122 0.050347
0 0.264716 0.369048 0.058532 0.038194
1 0.325728 0.209821 0.084656 0.093750
1 0.555556 0.228299 0.136905 0.153026
0 0.760417 0.844866 0.182870 0.155010
0 0.319114 0.136781 0.091270 0.082093
0 0.050099 0.513269 0.099537 0.118800
1 0.511739 0.632316 0.070437 0.056300
0 0.921462 0.767857 0.128638 0.144841
0 0.511409 0.525050 0.250331 0.157738
0 0.090112 0.258061 0.153108 0.122272
0 0.103671 0.410342 0.165013 0.127728
0 0.186839 0.312996 0.196429 0.158730
0 0.609954 0.405382 0.258267 0.186260
0 0.421627 0.713790 0.224868 0.154266
0 0.405093 0.879588 0.251323 0.194692
0 0.764716 0.255704 0.292659 0.233631
0 0.621528 0.761657 0.234458 0.187004
