1 0.946553 0.420966 0.030010 0.037037
0 0.223958 0.317626 0.055060 0.051257
0 0.674851 0.447917 0.046131 0.065146
0 0.499628 0.506944 0.088046 0.089947
0 0.289931 0.451224 0.061012 0.111442
0 0.676339 0.366071 0.052083 0.071429
0 0.687004 0.588294 0.053571 0.060847
0 0.681176 0.515377 0.066716 0.075728
0 0.314360 0.514716 0.078621 0.084325
0 0.545635 0.499835 0.071429 0.098876
0 0.146081 0.752646 0.039187 0.059524
0 0.739831 0.482474 0.069444 0.079365
0 0.559524 0.593585 0.040675 0.069444
0 0.598090 0.544974 0.059276 0.080688
0 0.236855 0.431052 0.141865 0.185516
0 0.498760 0.583995 0.102679 0.121693
0 0.392609 0.473876 0.139881 0.178571
0 0.424975 0.685020 0.089534 0.108796
1 0.104663 0.349868 0.153770 0.178571
0 0.179563 0.270668 0.051091 0.058532
0 0.264013 0.291667 0.050347 0.068122
0 0.309276 0.290675 0.046627 0.051587
0 0.107391 0.761078 0.042659 0.049272
0 0.642981 0.321429 0.043403 0.061508
