0 0.944816 0.212798 0.098462 0.074405
0 0.656002 0.138724 0.030754 0.040675
1 0.563120 0.589286 0.071677 0.109788
0 0.942956 0.686012 0.065972 0.069775
0 0.918403 0.537698 0.066468 0.077381
0 0.756944 0.139881 0.062996 0.109127
0 0.763889 0.586806 0.078869 0.112765
0 0.772445 0.691138 0.057292 0.077381
0 0.668403 0.603175 0.170635 0.168651
0 0.827133 0.638724 0.069940 0.090278
0 0.777158 0.284888 0.136161 0.155754
0 0.651910 0.704034 0.150546 0.172619
0 0.623512 0.806052 0.116567 0.139881
0 0.224702 0.551753 0.181548 0.234458
0 0.843750 0.136905 0.150298 0.187169
1 0.081349 0.475364 0.162202 0.206680
0 0.399926 0.584491 0.189732 0.256944
0 0.533482 0.408565 0.039187 0.060516
