1 0.739583 0.773810 0.073909 0.114418
1 0.826265 0.355159 0.123760 0.120370
1 0.069196 0.030423 0.101190 0.058862
1 0.726438 0.144676 0.093750 0.122685
1 0.826761 0.625331 0.147073 0.178571
0 0.489831 0.876819 0.162202 0.241071
1 0.832465 0.469081 0.135169 0.161706
1 0.396329 0.810020 0.183036 0.241733
1 0.622272 0.228671 0.130456 0.172950
1 0.317832 0.403604 0.160962 0.220569
1 0.686632 0.884921 0.169891 0.226190
1 0.137401 0.385913 0.217758 0.269841
1 0.702753 0.462798 0.060764 0.084325
