0 0.988963 0.109127 0.021577 0.109127
0 0.161334 0.267526 0.033482 0.031085
0 0.352555 0.271329 0.047867 0.067791
0 0.549851 0.569114 0.048115 0.052249
0 0.024926 0.075893 0.035962 0.066468
0 0.293031 0.433366 0.061260 0.054563
0 0.056052 0.023479 0.070437 0.046296
0 0.342758 0.379795 0.043651 0.059193
0 0.683532 0.075562 0.054563 0.058532
0 0.590278 0.629134 0.067460 0.057209
0 0.364087 0.584987 0.059028 0.078704
0 0.168155 0.311839 0.031746 0.051587
0 0.553819 0.395999 0.030258 0.050595
0 0.604043 0.126323 0.035962 0.050265
1 0.237847 0.245370 0.048611 0.055556
1 0.274926 0.179233 0.039931 0.056217
0 0.478919 0.379630 0.067956 0.093254
0 0.616815 0.738261 0.099206 0.118056
0 0.718006 0.684524 0.083333 0.104497
0 0.188244 0.374008 0.046627 0.052249
0 0.360367 0.032573 0.059524 0.063823
0 0.360987 0.339782 0.052827 0.081019
0 0.623512 0.425430 0.046131 0.055225
0 0.746776 0.047288 0.093750 0.093915
1 0.153522 0.210483 0.065476 0.083003
0 0.406002 0.374835 0.074901 0.108135
0 0.218378 0.023810 0.069196 0.046958
0 0.190228 0.497851 0.055060 0.058532
0 0.653522 0.553737 0.124008 0.120040
1 0.550719 0.481647 0.109871 0.135913
0 0.120784 0.311839 0.055060 0.063492
0 0.324405 0.093089 0.072917 0.095569
0 0.612847 0.857474 0.108135 0.158730
0 0.292535 0.254630 0.073165 0.083995
0 0.174231 0.443948 0.046379 0.051918
0 0.668775 0.372520 0.043403 0.071759
0 0.723214 0.817295 0.119544 0.161045
1 0.206225 0.313327 0.061260 0.075728
0 0.712674 0.196925 0.101935 0.126653
0 0.772941 0.293651 0.129216 0.144841
1 0.517485 0.898810 0.128224 0.178571
0 0.607763 0.354663 0.051339 0.092923
0 0.873140 0.197421 0.160466 0.175926
0 0.294271 0.593089 0.078125 0.100198
