1 0.099702 0.645668 0.059028 0.043320
1 0.562996 0.806878 0.044147 0.064153
0 0.009177 0.331515 0.017857 0.126653
0 0.906126 0.945106 0.134673 0.109788
0 0.143105 0.601687 0.063988 0.075728
0 0.496156 0.156911 0.038442 0.071759
0 0.158606 0.092097 0.058284 0.088294
0 0.140749 0.206680 0.049355 0.046296
1 0.227679 0.031085 0.090774 0.059524
1 0.298115 0.019841 0.063988 0.039021
0 0.293155 0.847388 0.101190 0.128638
0 0.267361 0.949405 0.131944 0.100529
0 0.222966 0.569610 0.058036 0.079696
0 0.499628 0.741237 0.070685 0.094246
0 0.625000 0.808532 0.077877 0.097884
0 0.037698 0.046792 0.074901 0.092923
1 0.199157 0.128307 0.074405 0.086640
0 0.692832 0.748347 0.082589 0.103836
0 0.802331 0.807540 0.096726 0.156085
1 0.829613 0.360450 0.096726 0.114418
1 0.729291 0.555721 0.097966 0.127976
0 0.102679 0.042989 0.068452 0.085317
0 0.396825 0.177249 0.108135 0.128307
0 0.733631 0.367229 0.094246 0.116733
1 0.214038 0.757110 0.124504 0.172950
0 0.887277 0.759921 0.106895 0.119709
0 0.421379 0.926257 0.147817 0.146825
1 0.480159 0.065972 0.141865 0.131283
1 0.613467 0.162698 0.143601 0.189815
1 0.410714 0.305060 0.133433 0.172288
0 0.275298 0.633929 0.075397 0.107804
0 0.376240 0.754795 0.068452 0.113426
