0 0.414833 0.735750 0.066667 0.100000
0 0.657667 0.815250 0.104333 0.156500
0 0.762333 0.802750 0.108000 0.162000
0 0.462667 0.725000 0.078333 0.117500
0 0.296000 0.636000 0.078333 0.117500
0 0.156000 0.534750 0.059333 0.089000
0 0.233333 0.481000 0.061667 0.092500
0 0.166250 0.323875 0.086833 0.130250
0 0.226750 0.373375 0.093500 0.140250
0 0.284333 0.348750 0.040667 0.061000
0 0.854667 0.244500 0.082667 0.124000
0 0.277250 0.252125 0.075500 0.113250
0 0.487167 0.338125 0.069667 0.091250
0 0.983750 0.232125 0.032500 0.091750
0 0.291000 0.709000 0.063000 0.090000
