1 0.917287 0.256944 0.091022 0.111111
0 0.668155 0.719577 0.081349 0.101852
1 0.297495 0.030093 0.081101 0.059524
0 0.208953 0.070271 0.093502 0.087632
1 0.882316 0.493717 0.110367 0.109127
1 0.181672 0.282738 0.069692 0.080026
0 0.499132 0.153770 0.079117 0.105159
0 0.213542 0.757606 0.058532 0.099868
1 0.421627 0.114253 0.075397 0.068452
0 0.912574 0.160549 0.056796 0.077050
1 0.309152 0.720569 0.077133 0.087302
1 0.717138 0.863261 0.109871 0.169643
0 0.037698 0.934524 0.074405 0.123677
0 0.972346 0.108962 0.047867 0.070437
1 0.646949 0.797454 0.099950 0.150463
0 0.835069 0.192130 0.044643 0.066799
0 0.846726 0.018684 0.068948 0.036706
1 0.207217 0.172950 0.059772 0.068783
1 0.120908 0.073578 0.071181 0.082341
1 0.400918 0.718585 0.093998 0.115741
0 0.748264 0.521495 0.157738 0.182540
1 0.549107 0.876323 0.077381 0.130952
0 0.168527 0.685516 0.107391 0.130291
1 0.423363 0.828208 0.097222 0.139881
0 0.333953 0.120536 0.114831 0.145833
1 0.233383 0.863757 0.091270 0.123677
1 0.322297 0.824405 0.123264 0.172619
1 0.882937 0.634425 0.133929 0.163029
1 0.842014 0.419478 0.160714 0.211971
0 0.097222 0.588294 0.144345 0.178571
