0 0.039683 0.964038 0.078704 0.071925
0 0.626323 0.356771 0.101852 0.062252
0 0.169808 0.228175 0.276124 0.217262
0 0.286376 0.222098 0.172619 0.130704
0 0.439815 0.922743 0.185185 0.116815
0 0.472884 0.797495 0.190476 0.134673
0 0.590774 0.527158 0.264881 0.181300
0 0.787698 0.501984 0.159392 0.124008
0 0.725860 0.275546 0.161376 0.133929
0 0.306548 0.826513 0.174603 0.164931
0 0.494048 0.617312 0.273148 0.207837
0 0.549272 0.726935 0.228836 0.124504
0 0.568618 0.219370 0.215278 0.176339
0 0.429067 0.106523 0.231151 0.187252
