0 0.364500 0.245250 0.048000 0.074000
0 0.411083 0.265625 0.054833 0.070750
0 0.448167 0.212500 0.051333 0.073000
0 0.536083 0.217750 0.068833 0.087500
0 0.655167 0.332250 0.052667 0.071000
0 0.627417 0.435875 0.062500 0.080250
0 0.590167 0.365625 0.041000 0.077250
0 0.570750 0.403625 0.042500 0.069750
0 0.269417 0.500500 0.056167 0.080000
0 0.359000 0.925500 0.102000 0.120000
0 0.554167 0.718125 0.057667 0.082250
0 0.290917 0.581750 0.052167 0.074000
0 0.110333 0.559875 0.041000 0.059250
