0 0.140583 0.164125 0.044167 0.065250
0 0.252917 0.172250 0.036833 0.073000
0 0.423500 0.281000 0.037667 0.044500
0 0.779750 0.070625 0.035500 0.045750
0 0.822167 0.040625 0.033333 0.053250
0 0.818500 0.087500 0.024667 0.031500
0 0.889500 0.031000 0.020333 0.031500
0 0.846333 0.360250 0.034000 0.055500
0 0.945667 0.491875 0.053000 0.077250
0 0.627583 0.847875 0.044167 0.071750
0 0.580833 0.790750 0.050667 0.079500
0 0.427250 0.481500 0.047833 0.069500
0 0.371000 0.607125 0.037000 0.066250
0 0.363417 0.714625 0.036167 0.066250
0 0.364833 0.748375 0.032000 0.033750
0 0.318833 0.728750 0.047000 0.075000
0 0.238000 0.745625 0.046333 0.076250
0 0.183333 0.788500 0.042667 0.062000
0 0.227917 0.859750 0.050833 0.080500
0 0.188417 0.602750 0.044167 0.055500
0 0.144167 0.513625 0.037000 0.059750
0 0.083333 0.438625 0.051333 0.079250
0 0.102583 0.305375 0.052167 0.084750
0 0.058333 0.350000 0.053667 0.089000
