1 0.977803 0.744048 0.043899 0.064153
1 0.905630 0.012897 0.056796 0.025132
1 0.964038 0.926257 0.066468 0.092593
0 0.966890 0.124339 0.066220 0.108466
0 0.874628 0.718585 0.083085 0.119048
1 0.693824 0.271495 0.059772 0.072751
1 0.711682 0.811012 0.063740 0.086310
1 0.189112 0.429067 0.135169 0.205357
0 0.955233 0.633929 0.089038 0.121032
1 0.235615 0.733962 0.071925 0.114087
1 0.691220 0.541171 0.110615 0.134590
0 0.036830 0.583003 0.072173 0.140873
0 0.731523 0.890542 0.084573 0.094577
0 0.285714 0.603836 0.077381 0.094577
0 0.458333 0.755952 0.068452 0.091931
1 0.820064 0.635747 0.081101 0.108135
1 0.806424 0.774967 0.081597 0.098876
0 0.593502 0.439649 0.080853 0.120040
1 0.641617 0.676753 0.126984 0.189484
0 0.166171 0.860946 0.114087 0.145833
0 0.378224 0.715774 0.112599 0.156415
1 0.114459 0.591601 0.157986 0.192460
1 0.068948 0.736442 0.137401 0.199074
0 0.859871 0.157903 0.104167 0.133267
1 0.711434 0.406085 0.122768 0.148810
1 0.084945 0.330026 0.169395 0.263889
1 0.234251 0.137070 0.099950 0.129960
0 0.907490 0.965608 0.092758 0.068783
