1 0.700893 0.442295 0.046131 0.063823
0 0.857267 0.801753 0.071677 0.065146
0 0.039187 0.779101 0.043155 0.051587
1 0.970114 0.863922 0.059276 0.096230
1 0.708457 0.359954 0.054812 0.071759
0 0.861731 0.430225 0.064236 0.080688
0 0.652654 0.344081 0.043899 0.061839
0 0.169519 0.457011 0.035962 0.053571
1 0.163318 0.389220 0.080605 0.086640
1 0.826141 0.729497 0.057540 0.074074
0 0.892361 0.549934 0.069940 0.090608
1 0.374008 0.390377 0.074405 0.092923
1 0.424975 0.329034 0.059276 0.074074
1 0.761781 0.227844 0.050843 0.078704
0 0.892237 0.876819 0.086558 0.120040
1 0.482763 0.390212 0.080605 0.101190
1 0.953001 0.303241 0.089038 0.105159
0 0.954117 0.949405 0.091270 0.101190
1 0.751488 0.623512 0.134425 0.176918
0 0.655630 0.275463 0.047867 0.064153
1 0.639633 0.396825 0.055060 0.074074
1 0.977183 0.556217 0.035218 0.106481
1 0.271825 0.341931 0.057540 0.063492
1 0.082341 0.196759 0.034226 0.056217
