1 0.982267 0.876157 0.033482 0.044643
0 0.504960 0.454034 0.027282 0.064153
0 0.290303 0.085317 0.023562 0.036376
1 0.084573 0.651620 0.022321 0.044643
0 0.220114 0.904101 0.042907 0.054894
0 0.891989 0.937665 0.076141 0.124008
1 0.442584 0.082176 0.028522 0.038029
1 0.366071 0.184028 0.023313 0.031415
1 0.462922 0.120040 0.035962 0.044974
0 0.713914 0.281085 0.027530 0.034392
0 0.506324 0.474206 0.025546 0.044312
1 0.301835 0.099537 0.030258 0.042328
0 0.300967 0.388724 0.031994 0.040675
1 0.433532 0.035880 0.022321 0.033399
0 0.501612 0.434854 0.026538 0.038360
1 0.270957 0.726687 0.049851 0.051918
0 0.547867 0.410880 0.024306 0.032077
1 0.027778 0.972388 0.053571 0.054563
1 0.392857 0.206515 0.029762 0.040013
1 0.285218 0.046462 0.034722 0.041997
0 0.327877 0.104663 0.026290 0.039352
0 0.561632 0.472884 0.033482 0.050265
1 0.027654 0.807540 0.054812 0.084656
0 0.984375 0.822421 0.031250 0.084656
1 0.295015 0.335813 0.034970 0.053241
1 0.325397 0.358135 0.030258 0.048942
1 0.400174 0.162368 0.031994 0.044974
1 0.479539 0.007771 0.026538 0.012897
0 0.883433 0.157077 0.034226 0.040344
1 0.421999 0.221892 0.034970 0.047619
1 0.029886 0.724041 0.059276 0.119378
1 0.590154 0.741567 0.075645 0.126653
1 0.040303 0.208168 0.038938 0.045966
0 0.124380 0.645503 0.075645 0.083995
1 0.228795 0.579200 0.066716 0.076389
0 0.953125 0.945106 0.093750 0.109127
1 0.033854 0.162368 0.042907 0.052910
1 0.130828 0.273313 0.052827 0.065807
1 0.318700 0.674107 0.083829 0.118056
1 0.532738 0.834987 0.102183 0.123677
1 0.232019 0.691634 0.102927 0.135913
1 0.493924 0.724372 0.085069 0.120040
1 0.916791 0.036706 0.030010 0.039021
1 0.964162 0.392361 0.059276 0.051918
