0 0.207917 0.305125 0.054167 0.070750
0 0.118417 0.590625 0.068167 0.097750
0 0.083667 0.733875 0.061000 0.065750
0 0.056417 0.566125 0.062500 0.094750
0 0.191250 0.477000 0.070833 0.098000
0 0.176750 0.572375 0.052833 0.080250
0 0.246833 0.457875 0.051333 0.092750
0 0.308250 0.424500 0.067500 0.084500
0 0.356250 0.320250 0.050833 0.065500
0 0.791333 0.822875 0.093000 0.129250
0 0.688167 0.836375 0.093667 0.133250
0 0.659417 0.757250 0.052833 0.071000
0 0.751083 0.417125 0.069500 0.094750
0 0.631250 0.427500 0.072833 0.099000
0 0.297917 0.663000 0.072833 0.126000
0 0.361500 0.587500 0.073667 0.110500
