0 0.994296 0.216601 0.010417 0.066799
0 0.205481 0.413690 0.059276 0.035053
0 0.238839 0.269180 0.065972 0.076058
0 0.053323 0.249835 0.071429 0.092923
0 0.697917 0.805060 0.065476 0.061839
1 0.722718 0.084821 0.068948 0.084325
0 0.462674 0.624835 0.060764 0.088955
0 0.265625 0.372520 0.053075 0.071759
0 0.078621 0.314815 0.109127 0.168651
0 0.715154 0.347388 0.083085 0.110119
0 0.868676 0.395503 0.073165 0.101852
0 0.294519 0.285880 0.051339 0.071098
0 0.774926 0.151786 0.080605 0.109788
0 0.495288 0.435516 0.083333 0.100529
0 0.790179 0.419147 0.139881 0.164352
0 0.857019 0.298942 0.093998 0.107804
0 0.698785 0.570602 0.132192 0.165013
0 0.647941 0.726687 0.128720 0.176257
0 0.183036 0.335483 0.146329 0.160384
0 0.077877 0.112434 0.141865 0.179233
0 0.401166 0.645007 0.124256 0.139881
0 0.787946 0.779597 0.135913 0.176918
