0 0.966146 0.689649 0.067708 0.095569
1 0.718502 0.488261 0.096726 0.094246
1 0.368056 0.709656 0.098710 0.138889
1 0.641369 0.547454 0.102183 0.095569
1 0.413442 0.827712 0.080357 0.121032
0 0.227307 0.279101 0.080109 0.099206
1 0.458581 0.792163 0.113095 0.163029
1 0.838666 0.088128 0.138641 0.145833
1 0.638269 0.157077 0.100446 0.134259
0 0.276414 0.659557 0.129712 0.156415
0 0.485119 0.109458 0.107639 0.140212
1 0.635541 0.814319 0.134673 0.202050
0 0.314360 0.552910 0.123264 0.156746
0 0.290303 0.258433 0.058284 0.067130
