1 0.258185 0.470569 0.086806 0.109127
1 0.207961 0.470734 0.149554 0.148479
1 0.517609 0.214947 0.063988 0.067460
1 0.829365 0.167659 0.064484 0.097222
1 0.899678 0.135417 0.089534 0.109458
0 0.892857 0.748843 0.050595 0.079696
0 0.734127 0.427249 0.100694 0.115741
0 0.524554 0.494048 0.076389 0.108466
0 0.394097 0.457507 0.047123 0.062500
1 0.656126 0.404597 0.105903 0.145172
1 0.623016 0.532077 0.127976 0.167989
1 0.325273 0.582507 0.143105 0.184854
1 0.313120 0.030093 0.064236 0.059524
1 0.187500 0.124008 0.033730 0.054233
0 0.102183 0.152943 0.060020 0.125992
1 0.280878 0.084987 0.050347 0.066138
