0 0.208333 0.090000 0.083333 0.124000
0 0.076083 0.238375 0.066167 0.095750
0 0.154917 0.228125 0.087500 0.143750
0 0.232583 0.275500 0.087500 0.113500
0 0.226333 0.716125 0.068000 0.128250
0 0.412167 0.584375 0.068667 0.095750
0 0.564583 0.091125 0.093167 0.128250
0 0.658750 0.056375 0.079833 0.112250
0 0.669833 0.447875 0.057667 0.095750
0 0.896583 0.460500 0.069500 0.088500
0 0.721167 0.596375 0.061667 0.092750
0 0.572917 0.706750 0.080500 0.117500
0 0.514583 0.829625 0.084833 0.117750
0 0.612833 0.913000 0.084000 0.136500
0 0.663167 0.679750 0.084667 0.136500
0 0.718750 0.715125 0.052833 0.094750
0 0.310083 0.506500 0.056500 0.099000
0 0.613250 0.633625 0.037167 0.055250
