0 0.867684 0.015873 0.054812 0.031085
1 0.519097 0.824735 0.046627 0.054233
1 0.510789 0.841601 0.059772 0.073413
0 0.575397 0.858466 0.049603 0.048942
1 0.917411 0.810351 0.052579 0.077712
1 0.775918 0.015708 0.099454 0.030754
1 0.451017 0.375165 0.177827 0.161706
1 0.450149 0.627315 0.062500 0.070106
0 0.955481 0.956515 0.088542 0.086971
1 0.062128 0.415344 0.070685 0.096561
0 0.472594 0.054398 0.067708 0.085648
0 0.296503 0.095073 0.061260 0.087632
0 0.441716 0.805556 0.080357 0.080688
0 0.673611 0.063492 0.052083 0.068783
0 0.393229 0.277447 0.118800 0.131614
1 0.566220 0.932540 0.071429 0.109127
0 0.620164 0.569444 0.107391 0.156746
1 0.213666 0.145503 0.129712 0.161376
1 0.790427 0.901290 0.127480 0.128638
1 0.417411 0.918155 0.088294 0.120701
1 0.487599 0.236276 0.124504 0.162368
1 0.750248 0.788360 0.098710 0.148148
0 0.112599 0.228671 0.133929 0.172288
1 0.384177 0.091435 0.119544 0.165013
0 0.362599 0.756118 0.090774 0.122685
1 0.425719 0.499339 0.186260 0.220899
1 0.613963 0.473049 0.090526 0.084987
