1 0.257937 0.324405 0.129464 0.167328
0 0.483507 0.631118 0.093998 0.142526
0 0.962054 0.029101 0.070933 0.057540
1 0.496404 0.506614 0.116319 0.137566
1 0.030506 0.286872 0.059524 0.159722
1 0.735987 0.834987 0.087550 0.155423
1 0.881448 0.513889 0.153770 0.185185
1 0.391121 0.470899 0.143849 0.177910
0 0.706597 0.397321 0.213294 0.275463
1 0.115823 0.279597 0.171627 0.195437
0 0.109747 0.072751 0.121280 0.140212
1 0.429563 0.779597 0.170635 0.244378
1 0.775546 0.635913 0.189484 0.263889
1 0.887773 0.296958 0.217014 0.271825
0 0.249752 0.531746 0.107143 0.142857
1 0.606771 0.810351 0.093006 0.138558
1 0.184896 0.449074 0.152034 0.148148
