0 0.206917 0.893125 0.088167 0.130250
0 0.302083 0.865000 0.111833 0.149000
0 0.275250 0.677625 0.111167 0.153250
0 0.449583 0.828125 0.081833 0.110250
0 0.348583 0.163000 0.077167 0.115500
0 0.426333 0.203125 0.081333 0.104250
0 0.480167 0.120875 0.076333 0.118750
0 0.610667 0.112375 0.101333 0.118750
0 0.753417 0.443750 0.093833 0.125000
0 0.535333 0.773500 0.073000 0.113500
0 0.625250 0.715125 0.087500 0.134250
0 0.458000 0.717750 0.091667 0.110500
0 0.793667 0.283375 0.084000 0.116750
