0 0.364955 0.758433 0.120288 0.114087
1 0.478919 0.340774 0.116071 0.094246
1 0.950769 0.266204 0.098462 0.123677
0 0.123636 0.280589 0.083085 0.094246
0 0.754960 0.649802 0.076389 0.093915
1 0.925967 0.686012 0.093998 0.122685
0 0.807292 0.314815 0.073909 0.126984
1 0.055308 0.421462 0.110119 0.141865
0 0.483755 0.751653 0.109871 0.154101
1 0.189856 0.826224 0.225446 0.321098
1 0.409970 0.889220 0.187500 0.218915
1 0.820064 0.734788 0.112351 0.140873
1 0.865823 0.617229 0.130952 0.150463
1 0.869544 0.143519 0.098214 0.121032
1 0.896205 0.393188 0.147569 0.153439
1 0.852183 0.268353 0.086310 0.088294
1 0.670015 0.570602 0.026538 0.061177
0 0.181424 0.668651 0.161954 0.083995
