0 0.267981 0.074735 0.039435 0.033730
1 0.477183 0.916667 0.120536 0.134921
1 0.708829 0.574901 0.057540 0.081680
0 0.807416 0.595073 0.060268 0.097553
0 0.774058 0.552745 0.112103 0.140542
0 0.205729 0.106978 0.026042 0.042659
1 0.892733 0.239749 0.101935 0.060185
1 0.991319 0.064815 0.016865 0.064815
0 0.258433 0.031415 0.037698 0.038360
0 0.198785 0.063161 0.029018 0.047619
1 0.961806 0.032573 0.071925 0.064484
1 0.873636 0.689319 0.095982 0.108796
1 0.890253 0.595073 0.130208 0.143849
0 0.647941 0.492725 0.120288 0.144180
0 0.595362 0.527612 0.084077 0.134590
1 0.194568 0.313327 0.121776 0.163690
0 0.711558 0.344081 0.102679 0.108796
1 0.747644 0.675265 0.155506 0.195767
1 0.054191 0.285880 0.107887 0.169643
1 0.105035 0.434358 0.160962 0.166336
1 0.250372 0.391038 0.069692 0.081680
