1 0.770213 0.402282 0.053323 0.055225
1 0.777530 0.016369 0.057540 0.032077
1 0.109375 0.315642 0.060516 0.076389
1 0.890749 0.437996 0.091022 0.140542
1 0.165923 0.386574 0.077877 0.089286
1 0.712426 0.459160 0.134673 0.124669
1 0.521205 0.866071 0.105407 0.133598
1 0.532986 0.330522 0.104663 0.135913
1 0.333829 0.432044 0.117063 0.142526
1 0.849578 0.574405 0.110367 0.113095
1 0.573537 0.476852 0.149554 0.222222
1 0.698537 0.577381 0.156994 0.186508
1 0.827009 0.458003 0.108383 0.141534
1 0.271701 0.661376 0.171875 0.222222
0 0.292535 0.874339 0.182788 0.233466
1 0.071553 0.705357 0.100942 0.163360
1 0.568700 0.045635 0.055060 0.042328
1 0.984251 0.869213 0.031498 0.088955
1 0.913690 0.763558 0.037202 0.071429
