0 0.428943 0.959325 0.040427 0.060185
0 0.642609 0.761243 0.040179 0.047619
0 0.393973 0.845403 0.047867 0.059193
0 0.366815 0.759590 0.050099 0.053571
0 0.344122 0.620536 0.102431 0.079696
0 0.404142 0.963294 0.067212 0.072751
0 0.940724 0.893353 0.118056 0.125331
0 0.033854 0.351687 0.062252 0.110119
1 0.501984 0.423942 0.043651 0.070767
1 0.347222 0.683532 0.119048 0.155423
0 0.487475 0.915179 0.084077 0.118717
0 0.711682 0.614749 0.078621 0.107143
0 0.655878 0.660880 0.080109 0.131944
0 0.215774 0.193948 0.097222 0.120701
0 0.126488 0.257110 0.092758 0.120040
0 0.651290 0.136905 0.111111 0.160714
0 0.740575 0.785880 0.092262 0.123347
0 0.546751 0.258929 0.113839 0.191138
0 0.577009 0.895007 0.115327 0.179563
0 0.585317 0.706515 0.121032 0.164352
0 0.362847 0.071429 0.085317 0.141534
0 0.556920 0.081680 0.111359 0.154101
0 0.468998 0.361111 0.123512 0.206349
1 0.439236 0.808036 0.095734 0.123347
0 0.058160 0.069775 0.115823 0.138889
0 0.348090 0.371528 0.154514 0.221230
0 0.754340 0.907077 0.123760 0.162698
0 0.293775 0.795470 0.084573 0.110780
0 0.462674 0.040675 0.077133 0.080688
