0 0.307540 0.372520 0.028274 0.034722
0 0.656498 0.111442 0.018849 0.015212
1 0.452133 0.106647 0.033730 0.024802
1 0.160218 0.247024 0.017361 0.029762
1 0.864707 0.430225 0.029514 0.041667
1 0.606275 0.109954 0.016121 0.018849
1 0.690600 0.439815 0.027034 0.039683
1 0.015501 0.581515 0.029514 0.052579
0 0.896577 0.885417 0.026786 0.033399
0 0.863343 0.454034 0.032242 0.033730
1 0.615451 0.198413 0.025546 0.027116
1 0.762029 0.465278 0.031498 0.037037
1 0.174603 0.268519 0.023810 0.030423
1 0.690476 0.147983 0.020337 0.028108
0 0.483011 0.274802 0.015129 0.021164
1 0.112599 0.179563 0.027282 0.035714
1 0.175595 0.235450 0.027778 0.036376
0 0.709449 0.155258 0.019097 0.024140
1 0.205853 0.177249 0.022321 0.031085
0 0.328497 0.333499 0.019097 0.024140
0 0.268229 0.629630 0.024554 0.040344
0 0.282738 0.720073 0.042659 0.057870
0 0.672123 0.193122 0.017361 0.025132
1 0.199405 0.142692 0.019841 0.024140
1 0.327753 0.811508 0.048363 0.073413
0 0.132440 0.188657 0.017857 0.030093
1 0.432664 0.414683 0.041419 0.042328
0 0.791419 0.273479 0.021825 0.025132
1 0.477679 0.595073 0.043155 0.051918
1 0.054191 0.791171 0.031994 0.049934
1 0.133929 0.898810 0.046131 0.058201
0 0.571925 0.246032 0.021329 0.026455
0 0.468874 0.966601 0.047371 0.056878
1 0.025050 0.634259 0.049603 0.070767
1 0.736483 0.421131 0.034474 0.042659
1 0.100818 0.143519 0.026042 0.031746
1 0.195685 0.280754 0.027778 0.033069
1 0.246900 0.113922 0.019593 0.026786
1 0.061012 0.374008 0.034226 0.039683
0 0.033358 0.396164 0.031994 0.038360
0 0.462550 0.253803 0.023313 0.026786
1 0.695437 0.195602 0.025794 0.033399
0 0.902158 0.798942 0.060268 0.068783
0 0.667907 0.750165 0.041171 0.055225
1 0.228547 0.204530 0.028522 0.036045
1 0.838294 0.421462 0.040179 0.049934
1 0.723090 0.471065 0.034970 0.045966
1 0.431052 0.911872 0.047123 0.064484
1 0.026290 0.356647 0.030754 0.039352
1 0.640005 0.489253 0.030010 0.040675
1 0.633681 0.220569 0.029266 0.037698
1 0.623388 0.453208 0.043403 0.056548
0 0.233383 0.696429 0.062004 0.066799
1 0.258929 0.792659 0.072421 0.078704
1 0.068824 0.590112 0.053323 0.074405
1 0.984499 0.613591 0.031002 0.049934
1 0.257688 0.791997 0.072421 0.078704
1 0.491443 0.459325 0.024058 0.038360
0 0.237723 0.422619 0.030506 0.033069
1 0.380580 0.864253 0.047371 0.065146
