1 0.894097 0.321429 0.094246 0.134259
0 0.509425 0.596230 0.023313 0.058201
0 0.444940 0.177249 0.059028 0.035714
0 0.142857 0.151786 0.047123 0.070106
0 0.822049 0.163360 0.041915 0.055556
0 0.076637 0.956680 0.114583 0.086640
1 0.376364 0.174769 0.075149 0.086971
1 0.157986 0.428075 0.048611 0.090939
1 0.259425 0.087963 0.065972 0.076720
1 0.163070 0.235780 0.063244 0.074735
1 0.361607 0.719577 0.086310 0.103175
0 0.761533 0.202712 0.041419 0.063492
1 0.464410 0.676257 0.087054 0.120370
1 0.129960 0.337798 0.057044 0.066468
0 0.142733 0.044147 0.094990 0.087632
0 0.265997 0.776786 0.094990 0.127646
0 0.300471 0.163856 0.111359 0.143188
1 0.078373 0.142196 0.072917 0.082672
1 0.804812 0.741733 0.125000 0.167328
1 0.746032 0.639220 0.105159 0.127646
1 0.645957 0.780589 0.087054 0.121362
0 0.754960 0.030589 0.063988 0.060516
1 0.868304 0.262401 0.149802 0.234458
1 0.922991 0.442130 0.111855 0.140873
0 0.121776 0.613261 0.151290 0.192791
0 0.208705 0.694114 0.109375 0.148810
1 0.394469 0.801257 0.127232 0.179894
1 0.293279 0.884921 0.112847 0.142196
1 0.493552 0.799438 0.102679 0.146495
0 0.782614 0.371693 0.162450 0.174603
