1 0.312500 0.301091 0.107639 0.107474
1 0.513145 0.020172 0.035714 0.039021
1 0.520709 0.298776 0.117808 0.165013
1 0.943452 0.302249 0.036706 0.044974
1 0.531126 0.049934 0.038938 0.066799
1 0.128100 0.080357 0.070685 0.077381
1 0.521081 0.171627 0.084821 0.097222
0 0.374380 0.225364 0.082589 0.092923
1 0.558904 0.268519 0.112847 0.158069
0 0.252232 0.521825 0.217262 0.248016
1 0.892981 0.509921 0.099950 0.144841
1 0.816964 0.580688 0.123512 0.142857
1 0.629464 0.294974 0.097222 0.146825
1 0.198165 0.760417 0.281746 0.352183
1 0.791915 0.441138 0.105159 0.141534
1 0.274182 0.226190 0.073661 0.141534
