1 0.285466 0.023810 0.066964 0.046958
0 0.595238 0.338294 0.053075 0.066138
1 0.926463 0.261905 0.055308 0.062169
0 0.650794 0.609127 0.034226 0.046958
1 0.918155 0.166997 0.067956 0.085317
1 0.699157 0.706515 0.079365 0.083003
1 0.873512 0.060847 0.037202 0.037037
1 0.918651 0.066468 0.062996 0.064153
1 0.808408 0.269511 0.055308 0.063492
0 0.301215 0.357474 0.037946 0.052249
1 0.788814 0.380622 0.078125 0.084656
1 0.786582 0.794974 0.122272 0.140212
0 0.360491 0.078538 0.061756 0.083664
0 0.213170 0.348876 0.067212 0.090608
1 0.854539 0.409392 0.065228 0.076720
0 0.018849 0.198247 0.037202 0.061177
1 0.874008 0.285053 0.036210 0.051587
1 0.552331 0.348876 0.027282 0.081349
0 0.278398 0.810516 0.099950 0.134259
0 0.662078 0.112765 0.043899 0.052910
