0 0.646949 0.400298 0.041915 0.063161
1 0.611359 0.078869 0.053075 0.076389
1 0.704985 0.368056 0.046875 0.065476
1 0.541295 0.404762 0.045883 0.068122
1 0.518229 0.958995 0.078125 0.082011
1 0.423487 0.274802 0.098958 0.123677
1 0.568948 0.462467 0.054067 0.067130
1 0.603671 0.705522 0.060020 0.086971
1 0.328373 0.172784 0.113095 0.152447
0 0.719494 0.813327 0.079365 0.103505
1 0.308408 0.784888 0.107887 0.140542
1 0.723090 0.190311 0.064732 0.068452
1 0.609499 0.280589 0.052331 0.086310
