0 0.160342 0.646495 0.106399 0.052249
0 0.010293 0.386243 0.019097 0.035714
0 0.149430 0.401786 0.074157 0.077381
0 0.628596 0.433366 0.037946 0.068452
0 0.797495 0.331680 0.084573 0.122354
0 0.704365 0.610780 0.078373 0.065476
0 0.372148 0.405093 0.052827 0.095899
0 0.498884 0.508929 0.065228 0.074074
0 0.635045 0.613757 0.078621 0.100529
0 0.162450 0.607970 0.111111 0.120701
0 0.060020 0.609458 0.118552 0.164683
0 0.467882 0.188327 0.121776 0.138558
0 0.102059 0.473380 0.181796 0.196759
1 0.718254 0.536872 0.128968 0.137235
0 0.437252 0.405093 0.100694 0.146825
0 0.930680 0.182044 0.127232 0.143849
0 0.902654 0.346561 0.139633 0.168651
0 0.814360 0.492560 0.169891 0.183532
0 0.406002 0.287864 0.121528 0.142526
0 0.267857 0.170470 0.121528 0.151124
0 0.299107 0.324405 0.126488 0.150132
0 0.692088 0.405589 0.123264 0.169643
0 0.535590 0.401786 0.147569 0.189153
