0 0.971602 0.167163 0.044395 0.041336
0 0.590526 0.527282 0.067956 0.114749
1 0.500372 0.184524 0.068204 0.077381
0 0.539683 0.450728 0.057044 0.080026
1 0.590650 0.112765 0.089534 0.085317
1 0.495164 0.571098 0.100446 0.130291
0 0.325149 0.561177 0.115079 0.168651
1 0.687004 0.631944 0.100694 0.138889
1 0.672371 0.499339 0.133433 0.166667
0 0.433656 0.289848 0.127232 0.136574
0 0.396205 0.514220 0.167411 0.183862
1 0.560392 0.685847 0.179315 0.232804
1 0.421875 0.385913 0.045635 0.031746
