1 0.838046 0.569444 0.090278 0.093254
0 0.724702 0.651620 0.098214 0.083664
0 0.288690 0.919478 0.079861 0.138558
0 0.685640 0.018684 0.062252 0.036045
1 0.015749 0.317130 0.031002 0.092593
1 0.428571 0.934028 0.139385 0.131944
1 0.017361 0.441634 0.034226 0.100860
0 0.322669 0.139881 0.085813 0.072751
1 0.684400 0.895999 0.095982 0.125992
1 0.522569 0.900298 0.102679 0.139881
1 0.071181 0.098876 0.058036 0.097884
1 0.940724 0.480159 0.118056 0.162037
1 0.069940 0.475198 0.089286 0.103175
1 0.238963 0.188823 0.095982 0.135582
0 0.080605 0.857970 0.160714 0.209325
1 0.798859 0.045304 0.099206 0.089947
1 0.785466 0.773479 0.129464 0.169312
0 0.204117 0.912864 0.111607 0.165013
1 0.873016 0.269511 0.172619 0.223545
0 0.139385 0.210813 0.150298 0.171627
0 0.781374 0.426257 0.182788 0.203704
1 0.471602 0.798611 0.085069 0.119709
1 0.352307 0.863922 0.072669 0.100198
