0 0.266667 0.205625 0.061000 0.080250
0 0.327417 0.226625 0.065833 0.080250
0 0.374333 0.156750 0.057000 0.092500
0 0.480917 0.148375 0.078500 0.105250
0 0.635083 0.278625 0.064500 0.088750
0 0.130833 0.547875 0.067333 0.091750
0 0.155833 0.823875 0.066000 0.104250
0 0.190583 0.637000 0.053500 0.099000
0 0.235417 0.909875 0.080500 0.111250
0 0.235750 0.781250 0.092500 0.125000
0 0.607333 0.413000 0.084000 0.095000
0 0.426000 0.687000 0.059000 0.103000
0 0.543333 0.766625 0.066000 0.106250
0 0.503750 0.643750 0.070167 0.089500
0 0.529833 0.386875 0.051333 0.082250
0 0.557250 0.348500 0.060500 0.111500
