0 0.617417 0.758125 0.089167 0.133750
0 0.685583 0.761375 0.067500 0.101250
0 0.718167 0.596250 0.079000 0.118500
0 0.856833 0.402000 0.092667 0.139000
0 0.491667 0.750000 0.091333 0.137000
0 0.402500 0.783750 0.075333 0.113000
0 0.458000 0.918000 0.092000 0.138000
0 0.445417 0.489125 0.079833 0.119750
0 0.309000 0.231500 0.087000 0.130500
0 0.294667 0.084750 0.098667 0.148000
0 0.353000 0.068125 0.090667 0.135750
0 0.552667 0.263000 0.116000 0.174000
0 0.396333 0.347250 0.076000 0.114000
