0 0.172083 0.439625 0.101500 0.151250
0 0.054333 0.579250 0.041333 0.056500
0 0.118833 0.592875 0.084667 0.114250
0 0.080500 0.676125 0.041333 0.047750
0 0.216667 0.604375 0.055667 0.084750
0 0.233333 0.700000 0.037000 0.048000
0 0.338750 0.367375 0.052167 0.080250
0 0.496417 0.453250 0.064500 0.100000
0 0.521750 0.459750 0.052833 0.087000
0 0.580083 0.414625 0.050833 0.083750
0 0.593167 0.382000 0.069000 0.102500
0 0.781500 0.307000 0.037667 0.057500
0 0.814833 0.259750 0.029000 0.045500
0 0.263333 0.102125 0.033333 0.052250
0 0.097250 0.510250 0.033833 0.040500
