1 0.677579 0.982143 0.079861 0.035714
0 0.805308 0.560351 0.066964 0.076389
1 0.582093 0.967097 0.080357 0.065807
1 0.896577 0.966601 0.067460 0.052910
0 0.621900 0.898810 0.064732 0.069444
1 0.037450 0.160880 0.074405 0.112765
1 0.233631 0.431713 0.069940 0.099537
0 0.014633 0.599372 0.028770 0.134590
0 0.716270 0.410384 0.087798 0.083333
1 0.359127 0.417493 0.061012 0.092262
0 0.130580 0.039683 0.078621 0.078704
0 0.050223 0.047454 0.096478 0.094246
0 0.956101 0.180060 0.054563 0.072421
1 0.787946 0.655258 0.132440 0.171627
0 0.909350 0.054067 0.067212 0.088294
0 0.564236 0.847057 0.072917 0.111442
1 0.894097 0.557540 0.128968 0.167328
1 0.574777 0.233466 0.131696 0.171296
1 0.809772 0.345403 0.120040 0.164352
0 0.769345 0.105655 0.075397 0.094246
1 0.084821 0.215608 0.127976 0.160714
0 0.568700 0.051422 0.067460 0.096230
1 0.051587 0.347057 0.102679 0.136574
0 0.148065 0.912368 0.113095 0.156085
0 0.749380 0.237765 0.139137 0.173942
0 0.467510 0.295470 0.130952 0.180886
0 0.225942 0.638228 0.118056 0.166005
1 0.111607 0.659557 0.125992 0.174934
1 0.803199 0.833995 0.182788 0.238757
1 0.099826 0.817460 0.088542 0.103175
0 0.962054 0.101687 0.052083 0.060516
