0 0.502500 0.075000 0.091333 0.137000
0 0.690500 0.266250 0.108000 0.141500
0 0.104333 0.134750 0.083333 0.095500
0 0.126833 0.052250 0.074667 0.100000
0 0.183667 0.093500 0.050667 0.089000
0 0.752583 0.622375 0.123167 0.187750
0 0.667500 0.877750 0.107333 0.188000
0 0.509000 0.178750 0.055000 0.057500
0 0.756500 0.473250 0.092000 0.138000
0 0.301083 0.704500 0.111500 0.181500
0 0.661917 0.674375 0.101500 0.157750
0 0.126083 0.888625 0.118167 0.172750
0 0.545667 0.711500 0.107000 0.160000
0 0.590083 0.841500 0.071500 0.158500
0 0.669583 0.399875 0.063167 0.094750
0 0.747417 0.395375 0.090167 0.095250
0 0.646833 0.455625 0.041333 0.068250
