1 0.968006 0.755456 0.056548 0.054563
0 0.977183 0.524306 0.044643 0.172288
0 0.229911 0.562831 0.064980 0.047619
0 0.147445 0.468089 0.193700 0.202712
0 0.450521 0.421131 0.072173 0.096892
0 0.499008 0.334987 0.134425 0.167328
0 0.713790 0.375827 0.086806 0.092923
0 0.155382 0.296958 0.112847 0.117063
0 0.912078 0.379630 0.149554 0.141534
0 0.795263 0.575397 0.132192 0.185185
0 0.075645 0.563327 0.128968 0.153108
0 0.522197 0.508433 0.126240 0.170304
0 0.908606 0.659888 0.173363 0.206019
0 0.370908 0.338790 0.138641 0.174934
0 0.568080 0.177745 0.149058 0.175595
0 0.338666 0.158069 0.145089 0.191138
0 0.630456 0.588790 0.163690 0.202712
1 0.798611 0.470238 0.148810 0.118386
