0 0.155167 0.531125 0.042333 0.068750
0 0.431250 0.732250 0.090167 0.125000
0 0.541667 0.647375 0.062333 0.088750
0 0.686833 0.796875 0.073667 0.097750
0 0.673250 0.640125 0.064500 0.096750
0 0.641667 0.735875 0.044333 0.067750
0 0.699000 0.712500 0.066000 0.087500
0 0.616333 0.437375 0.056333 0.068750
0 0.478833 0.499500 0.039667 0.065500
0 0.866667 0.245750 0.048667 0.062500
0 0.859000 0.307250 0.044333 0.064500
0 0.832583 0.371375 0.061167 0.090750
0 0.820083 0.572875 0.045833 0.056250
0 0.821167 0.647375 0.060333 0.088750
0 0.881917 0.612375 0.037500 0.056250
