1 0.316592 0.480985 0.090030 0.106151
1 0.952257 0.009425 0.039931 0.018188
0 0.937500 0.039848 0.031746 0.055225
1 0.957589 0.054398 0.038194 0.049934
0 0.985491 0.068287 0.028026 0.040675
1 0.727803 0.092097 0.045387 0.051257
0 0.198661 0.604167 0.095238 0.076720
0 0.973834 0.708333 0.050843 0.109127
0 0.406126 0.870040 0.081597 0.109127
1 0.953745 0.202712 0.057292 0.075397
0 0.818948 0.800265 0.065476 0.105159
1 0.242684 0.756448 0.084077 0.086971
0 0.596106 0.616733 0.080109 0.116402
1 0.665799 0.345569 0.072669 0.102513
1 0.750868 0.041997 0.043899 0.061508
1 0.673735 0.541171 0.099950 0.130622
1 0.674727 0.724372 0.122768 0.153770
0 0.348834 0.754134 0.107887 0.151786
0 0.140997 0.679233 0.118304 0.158069
1 0.271453 0.335483 0.119792 0.151124
1 0.224082 0.480655 0.108383 0.129960
0 0.138641 0.810516 0.102183 0.121693
1 0.575893 0.794478 0.136409 0.209987
1 0.501116 0.098876 0.038442 0.068122
