0 0.009053 0.854001 0.017609 0.086971
0 0.772073 0.447917 0.046131 0.071098
0 0.931672 0.412864 0.072669 0.088294
0 0.086930 0.944444 0.096974 0.103175
0 0.036086 0.970073 0.071677 0.059193
0 0.375124 0.703042 0.065228 0.075397
0 0.516617 0.585483 0.079365 0.077712
0 0.939112 0.519015 0.121776 0.145172
0 0.947421 0.844577 0.104663 0.168651
0 0.077009 0.546462 0.084077 0.125331
0 0.137153 0.380952 0.131448 0.144180
1 0.816592 0.554233 0.143105 0.156746
0 0.304812 0.607143 0.055060 0.074735
0 0.646329 0.336310 0.167659 0.193122
0 0.604291 0.700893 0.144097 0.189484
0 0.076513 0.711310 0.143601 0.187169
0 0.873264 0.780589 0.139385 0.185516
0 0.433904 0.519511 0.155506 0.173280
0 0.168403 0.643519 0.210317 0.230820
0 0.579985 0.526786 0.144593 0.170635
0 0.413070 0.350860 0.165427 0.201058
0 0.729415 0.827712 0.171131 0.211640
