0 0.634000 0.874500 0.059667 0.086500
0 0.712083 0.814500 0.096500 0.160500
0 0.711750 0.389500 0.062500 0.100000
0 0.606583 0.723875 0.088167 0.131250
0 0.653083 0.604125 0.089500 0.120750
0 0.778167 0.526125 0.067333 0.093750
0 0.728500 0.614500 0.091667 0.148000
0 0.773917 0.663500 0.056167 0.089500
0 0.464583 0.497375 0.079167 0.111250
0 0.278500 0.636500 0.082000 0.137500
0 0.350333 0.726625 0.088333 0.105250
0 0.289250 0.134875 0.096500 0.138750
0 0.195167 0.100000 0.101333 0.154000
