0 0.531870 0.274306 0.072173 0.099537
0 0.502976 0.165179 0.049107 0.080357
0 0.691840 0.088459 0.058284 0.070437
1 0.250124 0.148313 0.063740 0.061839
0 0.479787 0.274802 0.097470 0.146825
0 0.360119 0.670966 0.082837 0.140873
0 0.485491 0.652612 0.088046 0.125992
0 0.423735 0.220569 0.077629 0.101190
1 0.208085 0.315972 0.061012 0.074405
0 0.954365 0.155589 0.089782 0.159061
0 0.310020 0.672950 0.084821 0.110450
0 0.202753 0.745536 0.080109 0.107474
0 0.652778 0.347388 0.084821 0.135251
0 0.515501 0.501323 0.109375 0.138889
0 0.589038 0.121528 0.084325 0.130622
0 0.565104 0.369048 0.110863 0.138228
0 0.436012 0.393519 0.097718 0.119709
0 0.297371 0.777282 0.123016 0.141204
