1 0.308656 0.902447 0.187748 0.195106
0 0.862103 0.902116 0.077381 0.112434
1 0.943452 0.076224 0.036210 0.053241
1 0.919023 0.071759 0.035962 0.051587
1 0.645833 0.053406 0.052579 0.065146
1 0.878348 0.082011 0.041419 0.048942
1 0.883309 0.032077 0.052827 0.063492
1 0.295139 0.318122 0.136409 0.139550
1 0.337178 0.732970 0.143601 0.142526
1 0.131448 0.596892 0.145833 0.197751
1 0.167039 0.813823 0.197173 0.216931
1 0.478299 0.272156 0.095486 0.107143
1 0.242808 0.660053 0.061012 0.118386
1 0.828125 0.152116 0.074405 0.064153
