1 0.458705 0.708168 0.058284 0.079034
1 0.863839 0.496528 0.075397 0.085648
0 0.075893 0.826720 0.074405 0.099868
0 0.144469 0.860946 0.063244 0.095569
1 0.769345 0.458003 0.075397 0.095238
0 0.703993 0.258433 0.056796 0.075066
0 0.723834 0.364749 0.073661 0.111111
1 0.798735 0.367560 0.090526 0.109458
1 0.971850 0.390212 0.055804 0.110450
1 0.415675 0.600860 0.113095 0.146164
1 0.858879 0.171462 0.080853 0.103505
1 0.099578 0.741733 0.129216 0.142196
1 0.798983 0.772321 0.147073 0.194775
1 0.480903 0.506614 0.083829 0.103836
1 0.241567 0.586806 0.077877 0.071759
