0 0.606083 0.753125 0.094167 0.141250
0 0.732583 0.825375 0.106500 0.159750
0 0.813333 0.758750 0.087000 0.130500
0 0.868167 0.590750 0.087667 0.131500
0 0.521000 0.845000 0.092000 0.138000
0 0.611583 0.887625 0.076167 0.114250
0 0.655167 0.830000 0.050000 0.075000
0 0.529667 0.702750 0.100667 0.151000
0 0.398167 0.604250 0.055000 0.082500
0 0.345667 0.553750 0.045667 0.068500
0 0.834000 0.448250 0.050000 0.075000
0 0.930417 0.798375 0.093500 0.140250
0 0.384750 0.136375 0.076167 0.114250
0 0.653000 0.119000 0.086333 0.129500
0 0.326083 0.109250 0.053833 0.087500
0 0.105750 0.379250 0.065833 0.090000
0 0.230417 0.553750 0.069500 0.101500
0 0.270750 0.633375 0.103500 0.127750
0 0.872417 0.374750 0.076500 0.125500
