1 0.845858 0.460979 0.083085 0.094577
1 0.864583 0.142196 0.054563 0.105820
1 0.917411 0.227679 0.072917 0.106151
1 0.796751 0.508929 0.095486 0.096561
1 0.158730 0.150298 0.055556 0.085648
1 0.053571 0.102844 0.065972 0.095238
1 0.645833 0.751653 0.117063 0.144180
1 0.846850 0.243221 0.095486 0.108796
1 0.525174 0.905093 0.126736 0.150794
1 0.575025 0.835813 0.098462 0.134590
1 0.922495 0.400794 0.091022 0.107143
1 0.091766 0.163690 0.083333 0.099868
0 0.240947 0.784888 0.136161 0.166336
1 0.197917 0.687831 0.132440 0.169312
1 0.809772 0.140708 0.096230 0.142526
1 0.287574 0.453704 0.122768 0.173280
1 0.341642 0.918155 0.125248 0.163029
1 0.181548 0.369213 0.148313 0.185516
1 0.575893 0.538029 0.105159 0.136243
1 0.026662 0.023975 0.052827 0.047288
