1 0.160466 0.764220 0.220238 0.300265
1 0.795015 0.795966 0.200645 0.234788
1 0.656126 0.580026 0.098462 0.142196
0 0.522445 0.147817 0.079613 0.100529
0 0.640377 0.059524 0.123512 0.115741
0 0.587674 0.697421 0.164435 0.221561
1 0.537698 0.044478 0.112103 0.088294
0 0.686756 0.471892 0.113095 0.155423
0 0.410838 0.490245 0.130704 0.191468
0 0.392361 0.708003 0.142361 0.201720
0 0.527902 0.499339 0.169891 0.234788
0 0.279018 0.571759 0.180060 0.226190
1 0.821181 0.589947 0.137401 0.230820
1 0.621900 0.172950 0.097966 0.128968
