0 0.736607 0.085813 0.082341 0.098214
1 0.224578 0.410714 0.068700 0.122354
1 0.298363 0.715278 0.093254 0.125000
1 0.248636 0.604663 0.138145 0.170966
1 0.816840 0.462302 0.075645 0.114418
0 0.547991 0.235284 0.086558 0.090939
1 0.390129 0.736772 0.090774 0.160714
0 0.491443 0.154101 0.060268 0.080026
0 0.651910 0.123843 0.110863 0.146495
1 0.335938 0.819940 0.096478 0.145172
1 0.161830 0.490741 0.125248 0.167989
1 0.345982 0.075562 0.057540 0.061839
1 0.279514 0.037533 0.056052 0.060516
1 0.884301 0.020833 0.060764 0.041005
1 0.815600 0.375165 0.078125 0.065807
