1 0.169767 0.210813 0.037450 0.048611
1 0.200893 0.194444 0.048115 0.066138
1 0.457093 0.223710 0.045139 0.057209
1 0.840774 0.437004 0.052083 0.059193
0 0.943204 0.134425 0.042163 0.047950
1 0.481771 0.313327 0.091022 0.114749
1 0.909350 0.674107 0.134177 0.159722
1 0.631324 0.663360 0.066220 0.092593
0 0.978919 0.344081 0.042163 0.079034
1 0.070312 0.683862 0.056300 0.069444
0 0.877232 0.538856 0.063988 0.081019
0 0.094370 0.095073 0.042411 0.078373
1 0.668899 0.093585 0.063988 0.074074
0 0.302827 0.746528 0.100694 0.129960
1 0.528646 0.161872 0.071677 0.080357
1 0.551959 0.587467 0.062748 0.086971
1 0.289435 0.820437 0.087798 0.087302
0 0.694816 0.053406 0.063740 0.085648
0 0.039311 0.155093 0.053819 0.066799
0 0.788690 0.639220 0.107143 0.164683
1 0.362351 0.688657 0.115079 0.161045
1 0.516493 0.223545 0.074653 0.089286
1 0.509673 0.359458 0.096230 0.128968
1 0.559772 0.258929 0.072917 0.101190
1 0.761037 0.086806 0.078621 0.084987
0 0.249380 0.922950 0.123760 0.153439
1 0.417163 0.398313 0.110615 0.159722
1 0.343626 0.356151 0.073661 0.098545
1 0.146949 0.676753 0.063244 0.074405
0 0.457589 0.744048 0.118056 0.152778
0 0.279390 0.554233 0.085565 0.105820
