1 0.531126 0.977679 0.051835 0.044643
1 0.374132 0.063492 0.061756 0.101190
1 0.111359 0.109623 0.090278 0.105489
1 0.292411 0.031250 0.089286 0.061177
1 0.697545 0.241567 0.075645 0.072421
1 0.087054 0.234458 0.083333 0.095899
1 0.855035 0.165344 0.082093 0.154762
1 0.153522 0.866733 0.080357 0.120370
1 0.108259 0.922950 0.069692 0.104497
1 0.677083 0.115741 0.094742 0.134259
1 0.804936 0.158896 0.097470 0.137897
1 0.177331 0.179729 0.098214 0.135251
1 0.800719 0.862269 0.148562 0.192791
1 0.618924 0.329696 0.099950 0.146825
1 0.775298 0.705192 0.132937 0.165013
1 0.129836 0.292659 0.108383 0.132937
0 0.907118 0.530589 0.138145 0.124669
1 0.945437 0.355159 0.109127 0.154101
1 0.902902 0.640708 0.131696 0.158399
1 0.306920 0.067791 0.082093 0.098545
