0 0.097470 0.136409 0.136905 0.137235
0 0.515749 0.634425 0.111359 0.170966
1 0.110367 0.417989 0.166171 0.186508
1 0.606151 0.856481 0.083333 0.079365
1 0.856771 0.399802 0.142113 0.150794
1 0.198909 0.568783 0.101687 0.131614
1 0.042163 0.461310 0.083829 0.136243
1 0.401786 0.463790 0.144841 0.176918
0 0.090278 0.246528 0.118552 0.124669
1 0.257440 0.584491 0.123016 0.161706
0 0.670387 0.337302 0.176091 0.252646
1 0.826265 0.192626 0.187748 0.239749
1 0.785218 0.510417 0.177083 0.233796
1 0.468378 0.817626 0.169395 0.222553
1 0.772321 0.751819 0.100198 0.209325
1 0.255952 0.422619 0.121032 0.144180
1 0.327009 0.191634 0.092014 0.089616
1 0.981771 0.644841 0.036458 0.102513
1 0.971106 0.094246 0.057788 0.107804
1 0.602679 0.040675 0.176091 0.080688
0 0.471726 0.042328 0.080853 0.083995
