1 0.686136 0.037698 0.066220 0.074735
0 0.195437 0.037202 0.052579 0.073743
0 0.619172 0.451224 0.038938 0.084325
1 0.938368 0.178737 0.049851 0.081019
0 0.366195 0.694114 0.096974 0.090608
0 0.238219 0.123347 0.084077 0.119048
1 0.346478 0.591601 0.054067 0.086640
0 0.348214 0.260417 0.065972 0.088294
0 0.625248 0.140212 0.087302 0.112434
0 0.412946 0.840939 0.110119 0.137566
0 0.230035 0.326720 0.093006 0.100529
1 0.688740 0.673446 0.093750 0.124008
1 0.897941 0.179729 0.072173 0.099537
0 0.654762 0.574405 0.088790 0.109788
0 0.465774 0.886574 0.086806 0.128307
1 0.909722 0.043485 0.057540 0.076389
1 0.820064 0.104663 0.050347 0.069775
1 0.256448 0.249339 0.107639 0.130952
1 0.522445 0.576720 0.077629 0.115741
0 0.137773 0.315642 0.095982 0.114087
1 0.724578 0.128803 0.117808 0.159061
1 0.547991 0.172950 0.104911 0.148810
0 0.201017 0.437831 0.118800 0.156085
1 0.689112 0.260582 0.109375 0.158730
1 0.278522 0.070271 0.043155 0.092262
1 0.480779 0.120701 0.107391 0.091931
1 0.622520 0.064649 0.067460 0.084325
1 0.753596 0.033565 0.066220 0.064484
0 0.352431 0.975860 0.086806 0.048280
0 0.336682 0.486772 0.078125 0.085979
