0 0.412667 0.602250 0.129000 0.193500
0 0.579000 0.688500 0.142667 0.214000
0 0.744500 0.399000 0.100000 0.150000
0 0.680750 0.610875 0.107167 0.160750
0 0.832000 0.679750 0.109333 0.164000
0 0.418083 0.781875 0.094833 0.142250
0 0.286583 0.708625 0.121833 0.182750
0 0.301833 0.551000 0.129000 0.193500
0 0.131250 0.389625 0.058833 0.088250
0 0.055417 0.324875 0.060833 0.091250
0 0.475000 0.697750 0.079667 0.119500
0 0.692750 0.265625 0.064500 0.096750
0 0.748917 0.186875 0.114500 0.171750
0 0.113417 0.340125 0.134833 0.202250
