1 0.744420 0.846561 0.118800 0.162698
0 0.756448 0.972884 0.088294 0.052249
1 0.617932 0.766700 0.096974 0.100198
1 0.688244 0.647652 0.150794 0.173611
1 0.742684 0.569114 0.109871 0.134921
1 0.659474 0.347884 0.114087 0.149471
1 0.302703 0.303737 0.113343 0.125992
0 0.552083 0.449405 0.143353 0.148810
1 0.243180 0.470899 0.148065 0.199074
1 0.484623 0.294974 0.120536 0.163360
1 0.676959 0.188657 0.147073 0.210648
1 0.506324 0.154597 0.136161 0.198743
1 0.391493 0.444610 0.183780 0.223214
