1 0.639385 0.044974 0.053075 0.039021
1 0.634425 0.955357 0.080853 0.089286
0 0.957217 0.550926 0.069692 0.092593
1 0.374380 0.709987 0.121280 0.173280
1 0.414807 0.605159 0.162946 0.205688
1 0.888145 0.546627 0.055060 0.054894
1 0.670511 0.821925 0.092014 0.128638
1 0.959077 0.639220 0.079861 0.114418
1 0.780754 0.452216 0.144841 0.145833
1 0.171627 0.098214 0.071925 0.098545
0 0.293403 0.541667 0.149306 0.188492
1 0.240575 0.212302 0.084821 0.108466
0 0.458581 0.830192 0.165675 0.188823
1 0.184028 0.570933 0.090774 0.160384
1 0.669519 0.309854 0.095486 0.126984
1 0.653026 0.443122 0.137897 0.189815
0 0.460565 0.343089 0.113591 0.146495
1 0.784102 0.568122 0.137649 0.157407
0 0.088418 0.628142 0.176339 0.235780
1 0.753224 0.365741 0.057540 0.081349
