1 0.258309 0.040013 0.037946 0.048280
1 0.154266 0.088624 0.038194 0.042989
1 0.261781 0.025794 0.031994 0.039021
1 0.257068 0.059358 0.038442 0.041997
1 0.142857 0.053406 0.045635 0.053902
0 0.077753 0.885417 0.046379 0.086971
0 0.029886 0.926753 0.058780 0.131944
1 0.219122 0.039021 0.037450 0.048942
1 0.546751 0.311508 0.067708 0.078042
0 0.435516 0.255456 0.038194 0.052579
0 0.441220 0.193948 0.035714 0.052579
1 0.486855 0.229993 0.062004 0.085648
1 0.213790 0.195933 0.087798 0.104167
0 0.496404 0.925926 0.101935 0.135582
1 0.597842 0.609954 0.083085 0.120701
1 0.750372 0.740245 0.138641 0.170966
1 0.907986 0.666336 0.128968 0.146825
1 0.559152 0.723876 0.078125 0.101852
1 0.081597 0.622354 0.162698 0.219577
1 0.553075 0.381283 0.053571 0.066799
0 0.400670 0.014550 0.034474 0.028439
1 0.374256 0.024802 0.031250 0.039683
