0 0.712302 0.329530 0.056548 0.082341
0 0.696057 0.295966 0.043403 0.087963
0 0.047371 0.258929 0.048611 0.052910
0 0.140749 0.356647 0.091518 0.146495
0 0.675223 0.208003 0.073165 0.090608
0 0.716270 0.758929 0.158234 0.150132
0 0.489583 0.510417 0.071925 0.085648
0 0.658978 0.672454 0.174603 0.257606
1 0.118552 0.158069 0.234623 0.283069
0 0.576885 0.296958 0.213294 0.242725
0 0.421999 0.154597 0.212550 0.286045
0 0.817832 0.642196 0.184276 0.218915
0 0.251488 0.364253 0.199901 0.241071
0 0.936632 0.150132 0.076141 0.091270
