0 0.056250 0.292125 0.067500 0.092750
0 0.087167 0.614125 0.086000 0.119750
0 0.539917 0.076500 0.073500 0.103000
0 0.110083 0.675500 0.079167 0.103000
0 0.183667 0.725500 0.077667 0.097000
0 0.554167 0.656750 0.074333 0.117500
0 0.631917 0.739125 0.072833 0.119750
0 0.540583 0.750000 0.077833 0.089500
0 0.564250 0.466125 0.044500 0.059250
0 0.632667 0.477625 0.056333 0.082250
0 0.600000 0.541750 0.084000 0.112500
0 0.669417 0.464125 0.038167 0.082250
0 0.403833 0.601000 0.065333 0.079000
0 0.105417 0.182625 0.048500 0.056250
