0 0.065583 0.471375 0.122167 0.171750
0 0.326750 0.664625 0.112500 0.145750
0 0.169417 0.368250 0.078500 0.115500
0 0.142417 0.155750 0.046500 0.059500
0 0.455833 0.244250 0.041667 0.067500
0 0.813917 0.126000 0.061833 0.087500
0 0.890250 0.084250 0.047833 0.062500
0 0.816667 0.241125 0.057667 0.069750
0 0.869833 0.185000 0.051333 0.074000
0 0.457333 0.079125 0.033333 0.041750
0 0.934750 0.289000 0.046500 0.063500
0 0.854833 0.268750 0.039667 0.048000
0 0.531583 0.114125 0.040167 0.044750
0 0.479167 0.166750 0.056333 0.087500
0 0.272583 0.072375 0.051500 0.073750
0 0.520333 0.173000 0.042333 0.064500
0 0.550333 0.146875 0.033333 0.043750
0 0.569833 0.131250 0.040333 0.066500
