0 0.226417 0.605750 0.063833 0.084500
0 0.079500 0.648875 0.073000 0.095750
0 0.138917 0.567250 0.055500 0.061500
0 0.307583 0.482750 0.030500 0.034500
0 0.404500 0.555250 0.046667 0.060500
0 0.476750 0.551125 0.045167 0.068750
0 0.459000 0.619750 0.033333 0.046000
0 0.828417 0.750500 0.062500 0.080000
0 0.846833 0.604125 0.064667 0.095750
0 0.840917 0.286375 0.044500 0.066750
0 0.879417 0.303125 0.038167 0.054250
0 0.606583 0.580750 0.053500 0.059500
0 0.505833 0.666625 0.050667 0.064750
0 0.507250 0.601000 0.038167 0.048000
0 0.575667 0.525500 0.033333 0.042500
0 0.539583 0.633375 0.038833 0.058250
0 0.507583 0.426125 0.036167 0.056250
0 0.638583 0.377625 0.046500 0.057250
0 0.660750 0.290500 0.032500 0.050000
0 0.042667 0.228125 0.027000 0.035250
