1 0.889137 0.677249 0.060516 0.070767
1 0.029762 0.496528 0.059028 0.166997
1 0.883681 0.063823 0.049603 0.080026
1 0.298735 0.971065 0.112847 0.057870
0 0.911706 0.749008 0.042659 0.064153
1 0.819940 0.036376 0.090774 0.072090
0 0.424603 0.043981 0.126984 0.087302
1 0.507440 0.740245 0.202381 0.278770
1 0.587426 0.208333 0.074157 0.097222
1 0.742560 0.634425 0.188492 0.233796
1 0.179315 0.923942 0.203373 0.152116
1 0.374628 0.584491 0.234375 0.317130
1 0.775174 0.431052 0.147569 0.221892
0 0.714906 0.239253 0.150050 0.146495
0 0.779638 0.793816 0.184772 0.225860
1 0.197421 0.417328 0.305060 0.395503
0 0.850446 0.978340 0.108631 0.043320
1 0.576265 0.031581 0.049851 0.062500
1 0.839038 0.145172 0.109127 0.119048
1 0.930432 0.458499 0.035962 0.050595
0 0.138393 0.643022 0.112599 0.074405
1 0.028150 0.680060 0.055308 0.104828
1 0.230283 0.837302 0.056300 0.064815
