0 0.650050 0.145503 0.069940 0.085979
0 0.723462 0.066799 0.114583 0.115079
1 0.935144 0.269015 0.107887 0.137897
0 0.508805 0.142692 0.091022 0.153770
0 0.702133 0.390212 0.098710 0.141534
0 0.564732 0.196429 0.139385 0.183201
0 0.774926 0.493552 0.129216 0.161706
0 0.757316 0.277778 0.208581 0.267196
1 0.308036 0.235946 0.255952 0.290013
0 0.241195 0.571429 0.149554 0.156746
0 0.137277 0.384425 0.270585 0.297950
0 0.554688 0.418981 0.161954 0.197751
0 0.642361 0.514220 0.123512 0.166667
0 0.328993 0.467593 0.161954 0.193783
0 0.903026 0.450231 0.189484 0.219246
