0 0.221230 0.278770 0.064980 0.050926
0 0.920635 0.760913 0.100198 0.105159
0 0.241319 0.149802 0.064980 0.079365
0 0.892485 0.418485 0.042907 0.063161
0 0.964658 0.668651 0.070685 0.113757
0 0.582837 0.063161 0.088790 0.120370
0 0.258061 0.325728 0.072669 0.088624
0 0.428571 0.306052 0.065972 0.093585
0 0.360367 0.201389 0.090774 0.132275
0 0.163070 0.218089 0.146081 0.172288
0 0.495412 0.071759 0.128224 0.142857
0 0.631572 0.762731 0.233383 0.274140
0 0.540675 0.401290 0.207341 0.269511
0 0.353919 0.712798 0.230655 0.295304
0 0.531746 0.204696 0.138889 0.150132
0 0.753224 0.587798 0.327381 0.367394
