0 0.479291 0.243552 0.030010 0.074405
0 0.808284 0.848876 0.061012 0.091270
0 0.196057 0.672288 0.052827 0.069444
1 0.626736 0.137731 0.049603 0.067130
0 0.449653 0.274306 0.072421 0.102844
0 0.109127 0.964947 0.156746 0.067460
1 0.894717 0.968089 0.084077 0.063161
0 0.766493 0.742560 0.061260 0.070437
1 0.043775 0.138724 0.082589 0.081680
1 0.045511 0.249835 0.090526 0.204696
1 0.361483 0.140542 0.044395 0.051587
1 0.927579 0.378142 0.100198 0.109458
0 0.062748 0.870701 0.123016 0.220238
1 0.657738 0.223380 0.106151 0.131944
0 0.563368 0.310681 0.134177 0.124008
1 0.689856 0.174272 0.090526 0.126984
1 0.746404 0.190642 0.073165 0.111442
1 0.890749 0.276786 0.088046 0.115079
0 0.428943 0.742229 0.159474 0.270172
1 0.881696 0.874339 0.110119 0.143519
0 0.196677 0.580026 0.093750 0.136905
1 0.234251 0.741733 0.091022 0.134921
0 0.546627 0.723380 0.204365 0.297288
1 0.094990 0.419478 0.181052 0.236442
1 0.585565 0.444940 0.160218 0.187500
1 0.319816 0.386409 0.152034 0.205357
1 0.144841 0.841931 0.045635 0.082672
1 0.972594 0.306217 0.054812 0.136243
1 0.340154 0.721065 0.038938 0.108135
1 0.899926 0.080192 0.034474 0.039352
1 0.646329 0.015212 0.036210 0.029762
1 0.413070 0.014550 0.046379 0.028439
