1 0.706101 0.668981 0.022817 0.042328
1 0.993180 0.410880 0.013641 0.147817
1 0.845486 0.186839 0.038194 0.049603
1 0.535342 0.371528 0.039931 0.045966
1 0.751736 0.686343 0.048611 0.135913
1 0.381448 0.151786 0.041171 0.055556
0 0.824157 0.759425 0.102679 0.051257
0 0.772197 0.184028 0.045883 0.060516
1 0.809648 0.314153 0.076637 0.089947
1 0.854043 0.452712 0.057292 0.066138
0 0.764013 0.355985 0.063740 0.083664
0 0.137153 0.599868 0.082341 0.089947
0 0.494792 0.104993 0.057540 0.088955
0 0.801215 0.483631 0.061756 0.059854
0 0.595362 0.030754 0.061756 0.060847
0 0.972842 0.824901 0.053819 0.119378
0 0.115327 0.040179 0.038690 0.053902
1 0.901166 0.592097 0.093006 0.100860
0 0.454613 0.027447 0.055060 0.054233
0 0.074157 0.701224 0.102183 0.112765
1 0.884425 0.358962 0.113095 0.112765
0 0.796007 0.223876 0.084573 0.114418
1 0.635913 0.453208 0.096726 0.106151
1 0.531126 0.035053 0.070188 0.069444
0 0.150546 0.058532 0.043651 0.054894
1 0.050347 0.569114 0.100198 0.119048
0 0.964410 0.197586 0.070685 0.108796
1 0.817088 0.672784 0.161954 0.192791
0 0.810516 0.933532 0.114583 0.132937
0 0.167535 0.867560 0.109871 0.128638
0 0.494420 0.207507 0.070685 0.097553
1 0.933408 0.725860 0.114335 0.131614
0 0.725570 0.854167 0.093502 0.136243
0 0.922495 0.932044 0.136161 0.135251
1 0.844246 0.109954 0.027778 0.055225
1 0.334325 0.172288 0.043651 0.053571
