1 0.788690 0.012566 0.030754 0.023148
1 0.994048 0.203704 0.011905 0.081349
0 0.987351 0.716601 0.024306 0.099868
1 0.625124 0.446925 0.038442 0.047288
0 0.174231 0.381614 0.109375 0.108466
1 0.347594 0.250827 0.114831 0.167659
0 0.668651 0.510747 0.083333 0.124008
0 0.294643 0.563327 0.076389 0.103505
0 0.820561 0.787368 0.068204 0.094577
1 0.212674 0.572255 0.093998 0.104828
1 0.761533 0.664683 0.137153 0.187169
0 0.407986 0.752976 0.100694 0.140212
1 0.808160 0.441303 0.143105 0.161045
1 0.747024 0.238261 0.092758 0.129960
0 0.354167 0.604663 0.133929 0.184854
1 0.095238 0.444940 0.149802 0.196759
0 0.085938 0.621362 0.129216 0.154101
1 0.233755 0.218089 0.133681 0.176257
1 0.318576 0.081680 0.152530 0.160053
1 0.640129 0.719081 0.156746 0.246362
1 0.468006 0.267030 0.096726 0.122685
