1 0.468254 0.788856 0.030754 0.045304
1 0.535218 0.071429 0.039683 0.049603
0 0.984251 0.951224 0.031498 0.097553
1 0.895957 0.157077 0.112351 0.136905
0 0.914311 0.806052 0.071677 0.077050
1 0.204737 0.933036 0.153522 0.133929
0 0.762525 0.275132 0.163442 0.136905
1 0.950397 0.185847 0.086806 0.130291
0 0.328497 0.513724 0.073661 0.123347
1 0.478795 0.676753 0.053819 0.110780
1 0.027158 0.208003 0.053819 0.119048
1 0.843750 0.209987 0.125000 0.154101
0 0.566344 0.736772 0.180308 0.306878
1 0.345114 0.684524 0.095486 0.135582
1 0.165675 0.118882 0.203869 0.237103
0 0.136657 0.781911 0.186508 0.254299
1 0.531126 0.315146 0.183284 0.216270
1 0.267857 0.305060 0.202381 0.258267
1 0.795139 0.438492 0.191468 0.214286
0 0.741567 0.752149 0.252480 0.353505
1 0.713542 0.198743 0.063492 0.064153
1 0.242063 0.768684 0.042163 0.102183
1 0.820809 0.106316 0.065228 0.061177
0 0.945064 0.918651 0.068700 0.114418
1 0.380952 0.176918 0.049603 0.046958
