0 0.985119 0.535053 0.029266 0.094577
0 0.926959 0.589286 0.093998 0.098545
0 0.406250 0.892196 0.055060 0.064153
0 0.294891 0.727679 0.071925 0.119378
0 0.493924 0.306217 0.094990 0.126984
0 0.017733 0.113261 0.034970 0.078373
0 0.984623 0.353836 0.030754 0.091270
0 0.333333 0.483962 0.056052 0.090939
0 0.710317 0.239749 0.113095 0.115741
0 0.369420 0.066468 0.042907 0.060847
0 0.836310 0.438823 0.054067 0.058862
1 0.868676 0.257110 0.075149 0.089616
0 0.971974 0.028108 0.055556 0.055556
0 0.830233 0.062004 0.055308 0.074405
0 0.606647 0.269511 0.093254 0.123016
1 0.884301 0.380126 0.070685 0.086310
0 0.461186 0.808036 0.081101 0.116071
0 0.846726 0.578704 0.066964 0.092593
0 0.349082 0.156085 0.085565 0.099868
0 0.741443 0.333499 0.138641 0.146495
0 0.248760 0.846396 0.114583 0.173611
0 0.639633 0.096561 0.091766 0.140873
0 0.782366 0.559358 0.061260 0.084325
0 0.669643 0.597388 0.092262 0.114749
0 0.279514 0.579200 0.141865 0.172950
0 0.306052 0.909392 0.156250 0.178571
0 0.572297 0.609954 0.109871 0.142526
0 0.181548 0.403108 0.155754 0.205688
1 0.934400 0.352844 0.050347 0.076720
