1 0.047991 0.653604 0.088046 0.083003
0 0.084325 0.620536 0.043651 0.056548
0 0.231895 0.497520 0.048115 0.049272
0 0.145337 0.675761 0.057540 0.055225
0 0.107267 0.371032 0.053819 0.070106
0 0.088914 0.716270 0.092014 0.086640
0 0.778274 0.313823 0.078373 0.083995
0 0.042535 0.814319 0.043899 0.077050
1 0.909970 0.431052 0.052579 0.064484
1 0.868924 0.495040 0.048859 0.052910
0 0.619916 0.325397 0.070685 0.082011
0 0.104663 0.497851 0.096230 0.123347
0 0.146329 0.258433 0.093254 0.104828
0 0.159846 0.447090 0.153522 0.156746
0 0.329241 0.372354 0.110863 0.130291
0 0.762525 0.388724 0.110367 0.110119
0 0.723214 0.626157 0.122024 0.141865
0 0.426215 0.378968 0.103423 0.127646
1 0.676835 0.420470 0.091270 0.114749
0 0.812624 0.569610 0.105903 0.122685
0 0.448909 0.508433 0.100198 0.131283
0 0.296379 0.248843 0.120536 0.147817
0 0.484127 0.237765 0.124504 0.154101
0 0.933160 0.315807 0.126736 0.125000
0 0.639757 0.576720 0.090526 0.133598
0 0.517361 0.593915 0.114087 0.146164
