0 0.061417 0.264125 0.029167 0.030250
0 0.128833 0.279625 0.027667 0.034250
0 0.205917 0.359875 0.037500 0.048750
0 0.216250 0.416625 0.037500 0.047750
0 0.149250 0.502625 0.036833 0.042750
0 0.194083 0.469250 0.045833 0.065500
0 0.280917 0.463500 0.047167 0.050000
0 0.296167 0.504625 0.032000 0.044750
0 0.332250 0.478000 0.036167 0.052000
0 0.363500 0.475500 0.040333 0.061500
0 0.436833 0.515625 0.049333 0.064750
0 0.458000 0.561250 0.039000 0.052000
0 0.553167 0.653125 0.065333 0.093750
0 0.630583 0.581750 0.061833 0.088500
0 0.619083 0.665000 0.056833 0.076000
0 0.844500 0.424000 0.041000 0.048000
0 0.806250 0.431125 0.027167 0.031250
0 0.813083 0.470750 0.035500 0.037500
0 0.955583 0.510875 0.029833 0.044750
0 0.935750 0.637000 0.020833 0.040500
0 0.805917 0.525500 0.034833 0.040500
