0 0.592593 0.980035 0.093915 0.039931
0 0.690642 0.973338 0.116733 0.052827
0 0.781085 0.339162 0.077381 0.069692
0 0.755622 0.409598 0.101852 0.064236
0 0.886739 0.853299 0.079696 0.066716
0 0.395172 0.482763 0.089947 0.076141
1 0.526124 0.206969 0.076058 0.091518
0 0.127646 0.251488 0.124339 0.112599
0 0.782903 0.860615 0.139881 0.097222
0 0.788690 0.948537 0.131614 0.102927
0 0.317130 0.521205 0.217593 0.114831
1 0.451720 0.372520 0.112434 0.080357
0 0.616237 0.756324 0.098214 0.115327
0 0.585483 0.369668 0.092923 0.076637
0 0.301257 0.054688 0.117063 0.098462
0 0.282903 0.221850 0.122685 0.104911
0 0.433036 0.203373 0.162368 0.125496
0 0.607970 0.549231 0.155093 0.130704
0 0.485946 0.749876 0.177579 0.146081
0 0.699405 0.360119 0.168651 0.146825
0 0.909557 0.328001 0.180886 0.154514
0 0.259921 0.624752 0.232804 0.177579
0 0.293155 0.154390 0.139220 0.091518
