0 0.697545 0.599372 0.096974 0.135251
0 0.848338 0.219081 0.141617 0.100860
0 0.229911 0.513393 0.069444 0.081680
0 0.391741 0.484788 0.107391 0.151455
0 0.106523 0.499835 0.105407 0.127315
0 0.715154 0.662368 0.101935 0.134921
0 0.746900 0.309854 0.073165 0.107143
0 0.828497 0.280093 0.102927 0.104497
0 0.713542 0.453538 0.105655 0.147156
0 0.860243 0.152778 0.161458 0.194444
0 0.252108 0.895007 0.177331 0.209987
0 0.184772 0.698413 0.221726 0.268519
1 0.435764 0.568122 0.169643 0.235450
1 0.557416 0.335483 0.149554 0.204034
1 0.580977 0.573413 0.151538 0.207011
