0 0.754464 0.644180 0.042659 0.054894
0 0.825769 0.013228 0.040923 0.025794
0 0.781622 0.426257 0.070685 0.100529
0 0.839410 0.438161 0.072173 0.089286
0 0.723338 0.123347 0.047867 0.078704
0 0.342758 0.029431 0.071429 0.058201
0 0.702629 0.642196 0.072421 0.106481
0 0.457713 0.696925 0.098958 0.111442
0 0.553075 0.532077 0.098710 0.134921
0 0.377108 0.810516 0.117808 0.163360
0 0.331101 0.305060 0.121032 0.150463
0 0.863343 0.319610 0.097222 0.127976
1 0.542783 0.780589 0.079613 0.131944
0 0.770089 0.331184 0.084325 0.110119
0 0.680804 0.135417 0.071429 0.106812
1 0.464410 0.778274 0.089038 0.131283
1 0.843874 0.551257 0.074157 0.089286
0 0.163690 0.543155 0.143849 0.184854
0 0.155506 0.678571 0.140873 0.164021
0 0.228423 0.863757 0.131448 0.190476
0 0.271081 0.145503 0.149802 0.197751
1 0.620288 0.642526 0.096230 0.132275
