0 0.402158 0.347388 0.033482 0.040675
1 0.921131 0.060020 0.055556 0.073082
0 0.733755 0.594411 0.088046 0.109458
1 0.963418 0.181548 0.073165 0.185185
0 0.852307 0.046131 0.071181 0.088955
1 0.441716 0.105489 0.069444 0.059524
0 0.298735 0.070602 0.099950 0.114749
1 0.381324 0.474868 0.073165 0.100529
0 0.528150 0.041501 0.064732 0.082341
0 0.374504 0.120040 0.065476 0.078042
0 0.363963 0.719577 0.128720 0.115079
1 0.921751 0.314815 0.062748 0.067460
0 0.356771 0.567130 0.096478 0.106481
1 0.754836 0.111772 0.109375 0.155423
1 0.895337 0.223876 0.132440 0.188492
0 0.410094 0.798446 0.102927 0.155093
0 0.310888 0.189319 0.116815 0.165675
1 0.595362 0.486442 0.092014 0.140212
0 0.211558 0.883929 0.138889 0.187169
1 0.743180 0.725364 0.121776 0.168981
0 0.321553 0.258929 0.088542 0.098545
0 0.433160 0.261905 0.064732 0.068783
1 0.653274 0.132606 0.086310 0.107804
