0 0.981523 0.915675 0.036954 0.166667
0 0.965030 0.531085 0.040179 0.052910
0 0.408358 0.158730 0.125248 0.109127
0 0.620412 0.480655 0.046379 0.104167
0 0.072173 0.607970 0.143849 0.208003
0 0.862475 0.645503 0.095486 0.122354
0 0.215402 0.527778 0.116319 0.134921
0 0.161086 0.735284 0.141617 0.134590
0 0.877976 0.475860 0.123512 0.139550
0 0.777902 0.836475 0.153026 0.204696
1 0.613467 0.723876 0.214038 0.302249
0 0.174355 0.315146 0.301587 0.313492
0 0.359871 0.508929 0.167659 0.243386
0 0.866815 0.374835 0.125496 0.139220
0 0.517733 0.487765 0.178819 0.220238
