1 0.169643 0.962798 0.079365 0.074405
1 0.400546 0.603175 0.071925 0.052910
1 0.042411 0.951720 0.084325 0.089286
1 0.771949 0.035384 0.075645 0.070106
1 0.501612 0.017857 0.039435 0.035053
0 0.954117 0.749339 0.082837 0.115079
0 0.214286 0.113426 0.057540 0.090608
0 0.220734 0.807374 0.054067 0.097553
1 0.171999 0.509094 0.076141 0.104828
0 0.545511 0.888393 0.097966 0.157077
0 0.281250 0.436839 0.091766 0.087963
1 0.106895 0.905093 0.109127 0.129630
0 0.923363 0.529597 0.082341 0.098214
0 0.638517 0.099041 0.115327 0.133929
1 0.148562 0.738757 0.084821 0.087963
1 0.520709 0.498843 0.076141 0.083003
0 0.392609 0.056713 0.091766 0.110119
1 0.713914 0.210813 0.114831 0.157077
1 0.445437 0.824405 0.115079 0.131614
1 0.653894 0.306548 0.121280 0.141534
1 0.390997 0.368552 0.136657 0.227183
0 0.630456 0.495040 0.133929 0.217593
0 0.347470 0.772817 0.149802 0.202381
0 0.774058 0.452216 0.156746 0.215278
1 0.503472 0.390708 0.131448 0.208003
1 0.267733 0.258433 0.180308 0.248347
1 0.548115 0.136905 0.064980 0.066138
1 0.951141 0.448413 0.071429 0.095238
