1 0.993552 0.050430 0.012897 0.070437
1 0.789062 0.792989 0.094494 0.150794
1 0.971974 0.653274 0.055556 0.116071
0 0.142981 0.302249 0.092510 0.068122
0 0.585193 0.689319 0.095982 0.129299
0 0.950273 0.151786 0.045387 0.064153
1 0.609995 0.074405 0.050843 0.066799
1 0.901662 0.559689 0.135665 0.137897
0 0.143725 0.070767 0.151042 0.140873
1 0.540923 0.029266 0.086310 0.057209
1 0.892857 0.050595 0.062500 0.081349
1 0.838666 0.668651 0.149554 0.199735
1 0.260169 0.522321 0.112103 0.171627
1 0.308036 0.415179 0.123512 0.147156
1 0.910466 0.380126 0.178571 0.228505
1 0.348710 0.629134 0.105655 0.145172
1 0.140997 0.186839 0.126240 0.141534
1 0.181176 0.392196 0.157490 0.183201
1 0.077133 0.398810 0.107143 0.152778
1 0.515253 0.854167 0.131200 0.192460
1 0.509177 0.565642 0.133929 0.172950
0 0.742808 0.451720 0.174603 0.242063
1 0.668403 0.792328 0.110119 0.130952
0 0.971726 0.234954 0.056548 0.065146
