0 0.684772 0.498347 0.076389 0.091931
1 0.274802 0.409557 0.152282 0.159722
0 0.655382 0.050430 0.078125 0.097553
1 0.195437 0.577216 0.206349 0.237765
0 0.137401 0.914848 0.133433 0.170304
0 0.021453 0.924438 0.042411 0.151124
1 0.508309 0.558862 0.157986 0.251984
0 0.694196 0.390708 0.126984 0.169643
1 0.102803 0.561343 0.190724 0.249669
0 0.642857 0.260913 0.078869 0.107143
1 0.820064 0.311673 0.161954 0.203373
1 0.564732 0.208499 0.176091 0.243056
1 0.401910 0.685351 0.183780 0.262897
0 0.714906 0.645999 0.190724 0.211310
1 0.214782 0.758102 0.201389 0.209325
1 0.870660 0.554233 0.210565 0.220238
0 0.584821 0.482143 0.107639 0.207672
0 0.604663 0.022983 0.067956 0.045304
