0 0.008929 0.451885 0.017361 0.075728
0 0.975694 0.343585 0.048115 0.080026
0 0.045511 0.468585 0.050347 0.060185
0 0.188740 0.912698 0.041171 0.056217
0 0.304812 0.417493 0.031250 0.041336
0 0.265749 0.415344 0.046379 0.058862
0 0.217634 0.487765 0.042907 0.054894
0 0.879960 0.469081 0.062500 0.067130
0 0.630332 0.604663 0.049355 0.057870
0 0.667659 0.318948 0.076389 0.080357
0 0.498388 0.468089 0.134673 0.159061
0 0.159474 0.500331 0.078373 0.089947
0 0.819444 0.779597 0.138889 0.103505
1 0.073413 0.518188 0.071925 0.084656
1 0.143601 0.422454 0.072421 0.088294
0 0.861359 0.689319 0.161706 0.179563
0 0.720238 0.704200 0.128472 0.177579
0 0.470734 0.572917 0.124008 0.128638
0 0.646825 0.482639 0.160218 0.176918
1 0.382316 0.472884 0.129712 0.160053
