1 0.506200 0.353175 0.048115 0.039683
0 0.267361 0.683532 0.058532 0.127646
0 0.975694 0.280093 0.040675 0.044974
0 0.429067 0.261739 0.054067 0.073082
1 0.954365 0.186508 0.029266 0.041667
0 0.918403 0.072421 0.037202 0.054894
0 0.388889 0.383763 0.062004 0.079034
1 0.801215 0.511739 0.053323 0.072421
1 0.609375 0.259425 0.039187 0.061177
0 0.796007 0.417163 0.079117 0.067130
1 0.922867 0.172950 0.047123 0.061508
1 0.942832 0.109788 0.055804 0.068783
0 0.205109 0.766534 0.084821 0.076720
1 0.719990 0.312831 0.066964 0.106481
0 0.298239 0.743221 0.109871 0.176918
0 0.846974 0.460483 0.074405 0.081680
0 0.374752 0.298776 0.094246 0.117394
1 0.949901 0.637897 0.075893 0.095238
0 0.976438 0.706845 0.047123 0.066468
0 0.787822 0.171462 0.063740 0.077712
1 0.473958 0.476687 0.101687 0.129960
0 0.603795 0.710979 0.110863 0.158069
0 0.220238 0.686839 0.124008 0.151455
1 0.791543 0.322421 0.138145 0.154101
1 0.558408 0.790179 0.132192 0.190146
0 0.059524 0.696429 0.111607 0.156746
1 0.925595 0.370536 0.148810 0.182209
1 0.709201 0.440972 0.035962 0.059193
0 0.986111 0.557044 0.027778 0.063161
0 0.985739 0.497685 0.023562 0.078704
0 0.330233 0.613591 0.077629 0.094907
