0 0.686756 0.205026 0.066468 0.083995
0 0.127852 0.292989 0.142113 0.201058
0 0.173115 0.430556 0.046627 0.058862
0 0.817956 0.072421 0.067956 0.079365
1 0.320685 0.545635 0.061508 0.066799
0 0.658854 0.199405 0.102927 0.102513
0 0.761905 0.052579 0.080357 0.093915
0 0.211558 0.076224 0.260417 0.151786
0 0.707217 0.125827 0.102927 0.112765
0 0.853919 0.436343 0.123512 0.162368
0 0.796007 0.258102 0.158978 0.194114
0 0.234871 0.389716 0.121032 0.149802
0 0.057788 0.121032 0.115079 0.236772
0 0.677455 0.896991 0.173363 0.196759
0 0.670635 0.412368 0.146825 0.183862
0 0.767733 0.483962 0.157986 0.202050
0 0.501116 0.836971 0.188740 0.260582
0 0.419395 0.469081 0.130456 0.167659
0 0.740203 0.756118 0.192212 0.235780
0 0.340526 0.221396 0.212302 0.284061
