1 0.417783 0.781581 0.109375 0.123347
0 0.028274 0.164187 0.056052 0.084987
0 0.010665 0.040840 0.020833 0.079034
1 0.834573 0.702712 0.102679 0.119048
1 0.348462 0.145007 0.062500 0.048611
1 0.101562 0.076554 0.092510 0.106151
0 0.304067 0.870040 0.112103 0.160053
1 0.027654 0.403604 0.054315 0.098876
1 0.500124 0.722884 0.087054 0.120370
1 0.031622 0.275298 0.062252 0.093585
1 0.280506 0.168320 0.086806 0.119048
1 0.814360 0.636409 0.108383 0.141204
0 0.660962 0.090939 0.049603 0.066799
1 0.936260 0.390212 0.124008 0.155423
0 0.739459 0.574405 0.112351 0.139550
1 0.356399 0.947917 0.119544 0.102183
1 0.108879 0.397983 0.077877 0.108135
1 0.877356 0.211806 0.153522 0.214616
1 0.231771 0.833995 0.108879 0.173280
1 0.705729 0.788194 0.086558 0.118717
0 0.192460 0.173942 0.128968 0.158069
1 0.758433 0.115741 0.081349 0.101852
1 0.553819 0.827712 0.088294 0.140873
0 0.107019 0.776786 0.174355 0.224868
1 0.100074 0.520503 0.088542 0.141534
1 0.457589 0.877646 0.125992 0.189815
0 0.794643 0.348380 0.158234 0.184854
1 0.910094 0.497024 0.091022 0.126984
