1 0.224082 0.433862 0.035962 0.048942
0 0.653398 0.873843 0.093006 0.117394
1 0.718378 0.328704 0.094990 0.126323
1 0.554067 0.168155 0.117560 0.160384
0 0.457341 0.464782 0.122520 0.202050
1 0.763641 0.169147 0.156746 0.167659
0 0.368800 0.317130 0.106647 0.142196
1 0.597718 0.257110 0.129464 0.204034
0 0.343998 0.572421 0.130952 0.183201
1 0.379464 0.838294 0.116567 0.161376
1 0.233879 0.551257 0.161706 0.200397
1 0.245164 0.303241 0.168899 0.207011
1 0.513393 0.895833 0.157738 0.207672
1 0.489087 0.680225 0.177579 0.262566
1 0.835317 0.306878 0.124504 0.097884
