1 0.240575 0.147817 0.038690 0.080026
0 0.446925 0.491567 0.037202 0.045304
1 0.256572 0.185516 0.034474 0.032407
0 0.485119 0.250331 0.028274 0.042328
1 0.232143 0.171462 0.033730 0.045304
1 0.198289 0.072917 0.039435 0.061177
0 0.401910 0.106647 0.041915 0.054563
1 0.374628 0.070933 0.049355 0.065146
1 0.245908 0.129795 0.035962 0.047288
1 0.109127 0.199901 0.045139 0.055225
0 0.530258 0.431052 0.049603 0.071098
1 0.192584 0.145999 0.044891 0.059854
1 0.091394 0.156085 0.060268 0.064815
0 0.296999 0.490079 0.075645 0.093254
1 0.587922 0.463294 0.089534 0.117063
0 0.519965 0.506614 0.054315 0.070767
1 0.333581 0.059689 0.048115 0.069775
1 0.770585 0.727183 0.094246 0.140212
1 0.706845 0.724868 0.109623 0.174603
1 0.313740 0.778108 0.162202 0.211640
0 0.279390 0.599206 0.044891 0.055556
0 0.506696 0.210483 0.030258 0.037368
1 0.382688 0.119213 0.028770 0.034061
1 0.849826 0.314815 0.038442 0.052249
