0 0.493417 0.721375 0.119500 0.157250
0 0.028500 0.112375 0.035333 0.043750
0 0.060417 0.181750 0.046500 0.061500
0 0.036750 0.427000 0.070167 0.114500
0 0.499333 0.152125 0.050667 0.066750
0 0.488167 0.210375 0.035333 0.047750
0 0.187167 0.407750 0.047333 0.074000
0 0.243083 0.409875 0.043833 0.061250
0 0.284750 0.426500 0.036833 0.053000
0 0.366667 0.430125 0.050667 0.068750
0 0.420167 0.437000 0.059000 0.103000
0 0.374583 0.518375 0.052500 0.070250
0 0.427833 0.519750 0.042333 0.054000
0 0.453083 0.643750 0.086167 0.129000
0 0.529917 0.271375 0.045167 0.067750
0 0.580250 0.288000 0.038833 0.057500
0 0.551000 0.212000 0.036333 0.061500
0 0.492750 0.438000 0.061167 0.090500
0 0.520417 0.374500 0.045833 0.074000
0 0.566000 0.356750 0.056333 0.084500
0 0.696917 0.370375 0.054167 0.067750
0 0.686167 0.264125 0.099333 0.132250
0 0.205583 0.820625 0.059500 0.079250
