0 0.391865 0.345073 0.090278 0.093585
0 0.925099 0.770007 0.068452 0.063823
0 0.242560 0.164352 0.064484 0.088624
0 0.587426 0.131118 0.046379 0.100860
0 0.501984 0.291171 0.068452 0.099537
0 0.345114 0.354167 0.073165 0.113757
0 0.475322 0.114253 0.051835 0.100198
0 0.885789 0.726190 0.078125 0.078042
0 0.947917 0.706515 0.083333 0.083003
0 0.209449 0.304563 0.078621 0.089286
0 0.545759 0.275794 0.110367 0.145503
0 0.530258 0.134921 0.108135 0.144180
0 0.180680 0.205192 0.144097 0.170304
0 0.314484 0.189815 0.116071 0.144841
0 0.677579 0.477844 0.149306 0.186508
0 0.815724 0.611442 0.196925 0.240741
0 0.701265 0.716601 0.165427 0.198413
0 0.510913 0.702216 0.166667 0.222553
