1 0.397321 0.048983 0.112103 0.097470
0 0.730159 0.585193 0.085979 0.069196
0 0.886243 0.567832 0.064153 0.043403
0 0.937335 0.520585 0.090278 0.062004
0 0.843089 0.505208 0.102183 0.086806
0 0.581515 0.598462 0.086310 0.070437
0 0.543155 0.763517 0.137235 0.105903
0 0.817130 0.566964 0.067460 0.054067
0 0.130622 0.026910 0.097884 0.053323
0 0.188657 0.635417 0.172288 0.107639
0 0.746032 0.360863 0.106481 0.095238
0 0.158565 0.728051 0.162368 0.123760
0 0.327216 0.342882 0.131283 0.108879
0 0.426753 0.717386 0.150463 0.118304
0 0.486442 0.206721 0.153439 0.101935
0 0.206515 0.533730 0.145172 0.097222
0 0.465774 0.094246 0.161706 0.129960
0 0.256118 0.055556 0.130622 0.110615
0 0.552745 0.131448 0.150463 0.135913
0 0.432540 0.294643 0.142196 0.117560
0 0.195106 0.388393 0.154762 0.126984
0 0.569114 0.345362 0.167989 0.138641
0 0.420966 0.919767 0.173942 0.160466
1 0.875165 0.106399 0.064484 0.053075
1 0.944114 0.179315 0.062169 0.050099
