0 0.125868 0.363757 0.062252 0.095238
0 0.046875 0.736772 0.039187 0.058201
1 0.065600 0.816634 0.109871 0.116071
0 0.806920 0.306217 0.113343 0.080688
0 0.067336 0.609788 0.127728 0.140873
0 0.464658 0.469577 0.104911 0.156746
0 0.950273 0.179233 0.099454 0.145503
0 0.123512 0.499339 0.184524 0.186508
0 0.316220 0.343585 0.132937 0.156085
0 0.719618 0.481151 0.123760 0.165344
0 0.830605 0.553241 0.164683 0.181217
0 0.485243 0.187335 0.134673 0.155093
0 0.272197 0.186839 0.135169 0.160053
0 0.927083 0.422454 0.140873 0.157077
0 0.428571 0.324405 0.130952 0.152116
0 0.567336 0.508598 0.145089 0.181217
0 0.401786 0.415179 0.066964 0.088955
