1 0.945561 0.472884 0.084077 0.099868
0 0.468874 0.263228 0.069196 0.081349
0 0.730779 0.420470 0.070188 0.113426
0 0.325893 0.212467 0.073909 0.088294
0 0.589162 0.388889 0.054812 0.070767
0 0.760169 0.582011 0.090278 0.120370
0 0.440228 0.510417 0.093750 0.123347
0 0.621776 0.457507 0.081845 0.102844
0 0.836682 0.564815 0.084077 0.108466
0 0.384177 0.129630 0.081349 0.089286
0 0.334325 0.070933 0.078869 0.108796
0 0.149802 0.808532 0.119544 0.206349
0 0.191716 0.425265 0.172619 0.205688
0 0.232019 0.857970 0.167907 0.233135
0 0.142981 0.205192 0.186756 0.231151
0 0.318328 0.352183 0.144593 0.193122
0 0.390749 0.788360 0.194692 0.255291
0 0.504712 0.192460 0.055060 0.080688
0 0.843006 0.182044 0.058532 0.075728
0 0.823413 0.116733 0.051587 0.074735
0 0.438740 0.076720 0.060516 0.082672
1 0.372520 0.471396 0.055060 0.077712
