0 0.253667 0.556000 0.112333 0.168500
0 0.336583 0.143500 0.085500 0.110000
0 0.270500 0.215750 0.130000 0.139500
0 0.474333 0.646125 0.108667 0.172750
0 0.402500 0.765750 0.071000 0.131500
0 0.461250 0.851625 0.097167 0.148750
0 0.554333 0.551625 0.077667 0.116250
0 0.607583 0.637000 0.121833 0.150000
0 0.687333 0.596625 0.049333 0.078250
0 0.773583 0.233625 0.072500 0.132750
0 0.836583 0.216250 0.055167 0.089000
0 0.918083 0.056000 0.044167 0.057500
0 0.781167 0.454875 0.096333 0.127250
0 0.517417 0.751000 0.081833 0.119500
0 0.717000 0.364625 0.033667 0.052750
