1 0.258061 0.025132 0.095486 0.048942
1 0.920139 0.401290 0.105159 0.110780
0 0.234251 0.271495 0.086062 0.125661
0 0.314484 0.430556 0.113095 0.107804
0 0.079613 0.055556 0.084325 0.099868
0 0.213046 0.443452 0.143353 0.115079
1 0.933532 0.038525 0.097718 0.076389
1 0.965402 0.493056 0.069196 0.115079
0 0.841394 0.422950 0.088046 0.111111
0 0.406002 0.497851 0.084821 0.118717
1 0.684772 0.745040 0.095238 0.135582
1 0.791295 0.796958 0.108383 0.115079
1 0.303943 0.536872 0.140129 0.150463
1 0.884053 0.549769 0.135665 0.159722
1 0.166667 0.335979 0.158234 0.222222
1 0.752852 0.689815 0.108383 0.149471
1 0.952009 0.323413 0.093998 0.122354
