0 0.639583 0.718125 0.084167 0.107250
0 0.733667 0.717250 0.083333 0.124000
0 0.618333 0.659375 0.058333 0.066750
0 0.983167 0.068750 0.033667 0.064500
0 0.739583 0.341750 0.065833 0.087500
0 0.627417 0.360375 0.062500 0.093750
0 0.341333 0.503625 0.069333 0.080250
0 0.299250 0.568750 0.078500 0.116500
0 0.223917 0.241125 0.052833 0.061250
0 0.339250 0.252500 0.047167 0.059500
0 0.297250 0.348375 0.063167 0.084250
0 0.189250 0.396250 0.062500 0.088500
0 0.243083 0.385500 0.047833 0.075000
0 0.102750 0.637000 0.045167 0.065500
0 0.081667 0.476000 0.058333 0.083500
0 0.137917 0.505750 0.062500 0.097000
0 0.202083 0.484875 0.065833 0.078250
0 0.454667 0.301125 0.032667 0.049250
