0 0.641245 0.166832 0.035466 0.040013
0 0.546751 0.304067 0.094990 0.076389
0 0.219246 0.395999 0.047123 0.046627
0 0.937376 0.043155 0.040427 0.049934
0 0.591270 0.265708 0.076389 0.092923
0 0.445809 0.909392 0.077629 0.113757
0 0.925719 0.288690 0.072173 0.080026
1 0.217634 0.163856 0.060268 0.075066
1 0.251488 0.056217 0.032738 0.042989
0 0.751736 0.749835 0.068452 0.088294
0 0.657366 0.303241 0.122768 0.144180
1 0.292535 0.353671 0.067212 0.085648
0 0.500248 0.923776 0.116567 0.143849
0 0.547123 0.796958 0.097718 0.132937
0 0.704117 0.745536 0.118056 0.153108
1 0.111111 0.379134 0.064484 0.075066
0 0.837426 0.320933 0.092510 0.114749
0 0.723090 0.576720 0.122272 0.156746
0 0.783234 0.423942 0.139881 0.164021
0 0.915551 0.401786 0.132192 0.161376
0 0.735987 0.158565 0.095486 0.140542
0 0.649182 0.459491 0.116815 0.139220
