0 0.191716 0.881614 0.062500 0.083333
1 0.246032 0.930060 0.076389 0.103505
0 0.586806 0.138228 0.024802 0.035714
0 0.434028 0.119048 0.021825 0.031746
0 0.097718 0.840774 0.103175 0.098876
0 0.911458 0.355489 0.032242 0.039021
1 0.176463 0.883102 0.095486 0.104828
1 0.503472 0.220569 0.021329 0.029101
0 0.015129 0.238757 0.023313 0.036376
1 0.596354 0.123512 0.029018 0.038690
1 0.451637 0.384590 0.035218 0.052910
1 0.267237 0.699570 0.034970 0.081019
0 0.652778 0.500331 0.027282 0.041667
1 0.444072 0.129134 0.032490 0.047950
0 0.720858 0.548446 0.035962 0.055886
1 0.886409 0.576224 0.041667 0.055886
1 0.636037 0.036706 0.029018 0.036376
1 0.476314 0.408565 0.031002 0.046627
0 0.623636 0.470403 0.021081 0.026786
0 0.471850 0.139716 0.025050 0.038690
0 0.706473 0.479167 0.024058 0.031746
1 0.606275 0.171462 0.030010 0.041336
0 0.657738 0.535880 0.024802 0.039352
1 0.589162 0.076224 0.024554 0.032738
0 0.452629 0.442130 0.035714 0.050265
1 0.433284 0.080357 0.032242 0.039683
1 0.194692 0.232474 0.036210 0.044974
1 0.830977 0.903770 0.099950 0.147487
1 0.545883 0.201389 0.034226 0.048942
1 0.564236 0.265212 0.036706 0.048942
1 0.533110 0.247024 0.031498 0.043651
1 0.765253 0.966601 0.120288 0.064815
1 0.074529 0.716601 0.068204 0.082672
1 0.296875 0.313823 0.053075 0.068122
1 0.208457 0.804729 0.108879 0.133267
1 0.319444 0.719577 0.079861 0.095899
1 0.435764 0.662864 0.069940 0.085648
1 0.191840 0.186508 0.041419 0.053571
1 0.541667 0.791171 0.085813 0.139220
1 0.456845 0.811343 0.111111 0.169643
1 0.722594 0.871693 0.095486 0.140212
1 0.854663 0.088128 0.035218 0.049272
1 0.865451 0.031415 0.045387 0.031746
1 0.532614 0.454530 0.028026 0.037368
1 0.559524 0.427745 0.027282 0.026786
1 0.586310 0.461640 0.029762 0.027778
1 0.596354 0.488261 0.025546 0.023479
