0 0.947297 0.721396 0.098958 0.154431
1 0.850570 0.698743 0.093006 0.160714
1 0.667039 0.524306 0.083581 0.105489
1 0.744544 0.020503 0.093750 0.040344
1 0.821181 0.019180 0.100198 0.037698
0 0.131448 0.026620 0.047123 0.047288
0 0.873016 0.809028 0.099702 0.129960
0 0.726935 0.839286 0.110615 0.107143
1 0.118056 0.611442 0.120536 0.181217
0 0.269841 0.359458 0.185516 0.166667
0 0.412450 0.442626 0.151786 0.178902
1 0.645585 0.240741 0.136905 0.174603
0 0.441592 0.255126 0.111855 0.198082
1 0.656250 0.433036 0.160218 0.204034
1 0.277406 0.540840 0.223462 0.282738
1 0.357515 0.098876 0.156002 0.197090
1 0.167907 0.813823 0.200893 0.277778
1 0.196181 0.223876 0.165179 0.209656
1 0.824777 0.439319 0.148065 0.141865
0 0.312748 0.940476 0.127976 0.119048
