1 0.874256 0.253803 0.069444 0.088955
0 0.017237 0.215112 0.033978 0.127976
0 0.193948 0.609458 0.082341 0.105820
1 0.286458 0.567626 0.090278 0.132606
0 0.272197 0.665675 0.073661 0.099206
0 0.087178 0.362434 0.115823 0.174603
1 0.632564 0.872354 0.128224 0.168651
0 0.176711 0.432044 0.137153 0.192130
1 0.859375 0.458499 0.119544 0.151124
1 0.776538 0.870701 0.154266 0.202381
1 0.797743 0.681052 0.160962 0.195437
1 0.758061 0.414848 0.111855 0.077050
1 0.525918 0.877646 0.085565 0.169974
