0 0.881076 0.026620 0.169891 0.052579
1 0.186384 0.469081 0.045387 0.094907
0 0.395957 0.764385 0.103423 0.067130
0 0.968750 0.422288 0.061012 0.087963
0 0.970114 0.509921 0.059276 0.098545
0 0.262649 0.938327 0.152778 0.122685
0 0.352431 0.315807 0.066964 0.101852
0 0.214038 0.671958 0.103175 0.115079
0 0.557168 0.471561 0.060764 0.089947
1 0.662698 0.378638 0.070933 0.111111
0 0.144097 0.597553 0.093750 0.096561
1 0.425595 0.423280 0.099702 0.137566
0 0.278150 0.487765 0.174355 0.232143
0 0.506572 0.830192 0.151538 0.233796
1 0.584449 0.346065 0.095982 0.129960
0 0.231027 0.837798 0.172371 0.228505
0 0.396081 0.882937 0.169147 0.211640
0 0.376364 0.617063 0.151538 0.183201
0 0.737475 0.246032 0.197173 0.254630
0 0.888517 0.120536 0.199653 0.229167
