1 0.499752 0.047288 0.063492 0.088624
0 0.513641 0.333499 0.045139 0.074405
0 0.524802 0.696429 0.098214 0.118386
1 0.801463 0.019676 0.054315 0.038690
0 0.695809 0.101356 0.056300 0.063161
0 0.592634 0.623512 0.090030 0.125992
0 0.663690 0.054398 0.059028 0.069775
1 0.748016 0.025959 0.058532 0.051257
0 0.731275 0.759755 0.134673 0.175595
0 0.722098 0.604167 0.180804 0.205688
0 0.314732 0.776290 0.152778 0.135251
0 0.566096 0.859954 0.242808 0.279431
0 0.343750 0.652778 0.200397 0.222884
0 0.384797 0.391204 0.136161 0.152778
