0 0.857763 0.811839 0.066716 0.085317
1 0.971230 0.311343 0.055060 0.098214
1 0.978051 0.269015 0.043403 0.123347
1 0.567460 0.856481 0.085813 0.067460
1 0.900546 0.678737 0.082837 0.122685
0 0.459449 0.824074 0.083581 0.093915
0 0.733383 0.298942 0.110119 0.099868
0 0.597594 0.270172 0.169395 0.245370
0 0.919023 0.225860 0.096974 0.130952
0 0.780878 0.877646 0.081597 0.083333
1 0.452133 0.928737 0.108135 0.140542
1 0.181424 0.695437 0.119296 0.134259
1 0.674107 0.154762 0.112103 0.134259
1 0.589038 0.541171 0.138393 0.206680
1 0.175099 0.854993 0.145337 0.166336
