0 0.032077 0.127728 0.063492 0.121032
1 0.424769 0.091022 0.068452 0.065476
0 0.300926 0.140873 0.081349 0.058532
1 0.309854 0.370040 0.090608 0.063988
0 0.768022 0.909226 0.124669 0.078869
0 0.199735 0.387277 0.230159 0.115823
0 0.879630 0.779886 0.087963 0.072669
0 0.771991 0.788442 0.153770 0.099702
0 0.545966 0.646205 0.146825 0.133185
0 0.668651 0.216642 0.146825 0.103919
1 0.369048 0.261781 0.121032 0.082093
0 0.596065 0.150794 0.192130 0.168651
0 0.525794 0.257440 0.117725 0.071925
0 0.782573 0.862847 0.141865 0.104167
0 0.677083 0.939112 0.111442 0.094990
0 0.162864 0.082589 0.145833 0.119544
0 0.317626 0.060888 0.188161 0.121280
0 0.405093 0.637525 0.194444 0.161458
1 0.500827 0.364459 0.184193 0.155506
0 0.130291 0.481275 0.259921 0.197173
0 0.846065 0.134177 0.197421 0.183532
0 0.651124 0.629340 0.083333 0.079117
0 0.741071 0.583953 0.116402 0.086062
