0 0.162500 0.516625 0.031333 0.039750
0 0.194167 0.542125 0.032000 0.044750
0 0.351333 0.677000 0.075667 0.102000
0 0.536083 0.803625 0.064500 0.092750
0 0.409667 0.603125 0.057667 0.077250
0 0.611750 0.627625 0.029833 0.053250
0 0.347917 0.415125 0.035500 0.044750
0 0.286833 0.303625 0.034000 0.042750
0 0.324000 0.268250 0.040333 0.049000
0 0.385750 0.309875 0.036167 0.042750
0 0.541417 0.457250 0.037500 0.052000
0 0.626750 0.447875 0.038833 0.064750
0 0.669083 0.551500 0.027833 0.047000
0 0.605250 0.506250 0.037500 0.054000
0 0.880250 0.397375 0.045833 0.067750
0 0.886500 0.484875 0.040333 0.053250
0 0.922583 0.506250 0.026500 0.041500
0 0.931250 0.437500 0.040833 0.064500
0 0.944417 0.357250 0.036833 0.058500
0 0.846917 0.195750 0.030500 0.048000
0 0.660417 0.266625 0.022833 0.031250
0 0.466667 0.374500 0.034000 0.040500
0 0.655917 0.435375 0.030500 0.047750
0 0.678500 0.416750 0.025667 0.037500
0 0.696500 0.398375 0.031333 0.042750
0 0.667750 0.205250 0.029167 0.037500
