0 0.866071 0.455853 0.123016 0.120701
0 0.234623 0.623347 0.073413 0.086640
1 0.922123 0.958499 0.076389 0.081680
1 0.814112 0.069444 0.138641 0.107804
1 0.594618 0.718585 0.090030 0.173280
0 0.764261 0.513062 0.117312 0.184193
0 0.732639 0.150794 0.079861 0.127646
1 0.963542 0.458168 0.072917 0.078373
1 0.773562 0.712136 0.105159 0.092262
1 0.870784 0.313657 0.163690 0.233135
1 0.486731 0.663360 0.127232 0.136905
0 0.784846 0.649306 0.118304 0.141865
1 0.909226 0.687831 0.130952 0.156085
1 0.476811 0.539683 0.151042 0.206349
0 0.234747 0.474372 0.132192 0.160384
0 0.149058 0.570106 0.134425 0.162037
0 0.101314 0.715774 0.171379 0.207341
