0 0.656374 0.259094 0.068204 0.090939
0 0.186632 0.967097 0.056300 0.065807
0 0.658854 0.323909 0.064236 0.043981
1 0.184524 0.604167 0.106151 0.136243
1 0.936508 0.361276 0.090278 0.153108
0 0.784226 0.245536 0.116567 0.104828
1 0.319072 0.232143 0.113343 0.131614
1 0.096478 0.543155 0.119048 0.141204
1 0.144221 0.453704 0.094990 0.121032
1 0.839658 0.729167 0.132192 0.184524
1 0.201389 0.157077 0.123016 0.142857
1 0.772321 0.825231 0.145833 0.213955
1 0.169023 0.297454 0.146577 0.158399
