0 0.893725 0.328208 0.054315 0.075066
0 0.551215 0.134425 0.075149 0.103505
0 0.967510 0.636905 0.064980 0.082672
1 0.204613 0.423446 0.063988 0.113426
0 0.960565 0.562831 0.075893 0.109788
0 0.421875 0.867560 0.100694 0.117394
0 0.490699 0.078869 0.090526 0.137235
1 0.461434 0.729167 0.132192 0.181878
0 0.732763 0.745040 0.105407 0.131614
1 0.304067 0.769180 0.138393 0.201058
1 0.131696 0.446925 0.125496 0.147817
0 0.828745 0.689153 0.124752 0.169312
0 0.633185 0.230985 0.101687 0.134590
0 0.861731 0.483962 0.100446 0.132606
0 0.362971 0.838294 0.051339 0.077381
0 0.707217 0.374835 0.093998 0.114087
