0 0.320064 0.575893 0.120288 0.118056
0 0.250496 0.330688 0.094742 0.073413
0 0.532242 0.207507 0.089286 0.153770
0 0.751116 0.134921 0.139633 0.185847
0 0.683160 0.690642 0.077629 0.108135
0 0.261161 0.860450 0.060020 0.085979
0 0.814236 0.282573 0.137401 0.166336
0 0.481771 0.825231 0.079117 0.133267
0 0.590650 0.713294 0.108879 0.157407
0 0.667287 0.275794 0.106399 0.141534
0 0.344494 0.924438 0.147817 0.151124
0 0.825893 0.460648 0.164683 0.203704
0 0.304439 0.782573 0.140625 0.194114
0 0.172619 0.602679 0.175595 0.240410
0 0.955729 0.183366 0.088542 0.121362
