0 0.094866 0.372354 0.084573 0.101852
0 0.015005 0.577216 0.029514 0.108796
0 0.784846 0.258102 0.091022 0.180886
0 0.703497 0.229167 0.152530 0.169974
0 0.040427 0.321925 0.079365 0.111442
0 0.851811 0.219907 0.117312 0.175926
0 0.817212 0.396495 0.126984 0.162698
0 0.199033 0.530423 0.213542 0.230159
0 0.418155 0.128638 0.136409 0.191138
0 0.188616 0.319114 0.159970 0.191799
0 0.156498 0.763228 0.211310 0.253968
0 0.504960 0.314319 0.174107 0.299934
0 0.669271 0.396329 0.212550 0.286045
0 0.372024 0.872520 0.244048 0.249669
