0 0.261409 0.205192 0.056548 0.057209
1 0.542287 0.650794 0.037946 0.046958
0 0.663566 0.757110 0.050843 0.068452
0 0.187004 0.510747 0.079365 0.096230
1 0.815476 0.490079 0.092262 0.162037
0 0.266865 0.619048 0.074405 0.072751
1 0.168031 0.270172 0.086062 0.093254
0 0.765253 0.477183 0.084573 0.113757
0 0.144097 0.686839 0.128472 0.117063
1 0.767113 0.064484 0.097222 0.127646
1 0.818948 0.882606 0.116567 0.140212
0 0.343874 0.681548 0.085565 0.120370
1 0.081101 0.592593 0.156250 0.205026
1 0.910714 0.498016 0.106151 0.123016
1 0.696429 0.859458 0.107143 0.144180
1 0.741443 0.775794 0.116815 0.160714
1 0.829861 0.341104 0.096726 0.122024
1 0.239955 0.747851 0.141617 0.157738
1 0.475198 0.404927 0.050595 0.051257
