0 0.484995 0.303737 0.082589 0.116071
0 0.302331 0.618717 0.045139 0.071429
0 0.276538 0.390212 0.097222 0.121032
0 0.979291 0.150298 0.040427 0.141204
0 0.279638 0.718585 0.181300 0.128968
0 0.920387 0.129134 0.089782 0.092923
0 0.627356 0.337302 0.092510 0.125000
0 0.550223 0.430721 0.127232 0.147156
0 0.854167 0.652282 0.130456 0.168981
0 0.625248 0.191303 0.119048 0.168320
0 0.777654 0.409392 0.100942 0.144841
0 0.724206 0.601190 0.136905 0.173942
0 0.769965 0.894015 0.146081 0.161045
1 0.872272 0.055556 0.114087 0.110450
0 0.240575 0.504630 0.167659 0.216270
1 0.418031 0.374339 0.180308 0.205688
0 0.482267 0.165179 0.111855 0.155754
0 0.941964 0.376323 0.060020 0.089947
