1 0.900670 0.259921 0.038442 0.052910
1 0.837922 0.583829 0.117808 0.134590
1 0.948909 0.975860 0.079861 0.048280
1 0.584945 0.378803 0.056300 0.098876
1 0.948289 0.302249 0.050347 0.060847
0 0.163318 0.633433 0.156994 0.164352
1 0.363715 0.446925 0.077133 0.100860
0 0.319444 0.812004 0.085317 0.093585
0 0.725322 0.487434 0.092510 0.123016
0 0.582465 0.839782 0.094990 0.132606
1 0.138269 0.760417 0.145585 0.224537
1 0.853051 0.405589 0.125744 0.143849
0 0.382316 0.683862 0.093502 0.130952
1 0.259797 0.494544 0.152034 0.181548
0 0.235367 0.910880 0.138393 0.174934
0 0.493304 0.762897 0.122520 0.171296
1 0.268229 0.243056 0.175347 0.253307
1 0.956101 0.826720 0.085813 0.125661
1 0.795759 0.719577 0.151538 0.228836
1 0.615823 0.091104 0.093750 0.138558
1 0.965774 0.083333 0.049603 0.069444
1 0.379588 0.272321 0.051339 0.094907
