0 0.016865 0.987930 0.033234 0.024140
0 0.958333 0.367063 0.074405 0.102513
0 0.954241 0.472884 0.089534 0.138228
0 0.750620 0.798280 0.171875 0.216270
0 0.765129 0.377149 0.096230 0.116733
0 0.058036 0.821925 0.083829 0.102183
0 0.072421 0.463294 0.110615 0.152116
1 0.829861 0.480159 0.136409 0.156085
0 0.954365 0.816303 0.089782 0.137897
0 0.030630 0.895503 0.060764 0.150132
0 0.890501 0.754134 0.141617 0.183532
0 0.129588 0.291667 0.145089 0.149471
0 0.459077 0.469081 0.161210 0.177579
0 0.610367 0.485946 0.157738 0.178241
0 0.071305 0.640212 0.142113 0.195106
0 0.622892 0.663360 0.144097 0.189815
0 0.168651 0.584987 0.225198 0.251984
0 0.687748 0.282077 0.180556 0.205026
0 0.440724 0.300265 0.174603 0.222884
