1 0.549603 0.342923 0.070437 0.097222
1 0.191716 0.039021 0.047619 0.056217
1 0.212550 0.246032 0.051091 0.057540
1 0.136285 0.314815 0.045387 0.048942
1 0.183780 0.176257 0.043155 0.061508
1 0.594990 0.291171 0.031250 0.040675
1 0.321181 0.057044 0.045635 0.055886
1 0.239459 0.184524 0.052827 0.064153
0 0.124132 0.399802 0.073165 0.097222
1 0.392981 0.633433 0.094494 0.134590
0 0.862599 0.199901 0.068452 0.084325
1 0.774058 0.488261 0.096726 0.115410
0 0.639013 0.576720 0.063740 0.089286
1 0.719618 0.574405 0.106895 0.134921
1 0.488963 0.708499 0.115327 0.170304
1 0.814732 0.230324 0.041171 0.074405
1 0.176091 0.348876 0.049603 0.052249
