1 0.109499 0.047288 0.035466 0.037698
1 0.113219 0.018022 0.033482 0.034722
1 0.484251 0.566634 0.049851 0.051257
0 0.118180 0.762401 0.036954 0.067130
1 0.071925 0.029597 0.037202 0.047950
1 0.441344 0.287864 0.050843 0.067130
1 0.633309 0.792493 0.091022 0.122685
1 0.012525 0.077712 0.024554 0.045635
0 0.326141 0.179729 0.032242 0.045966
1 0.503596 0.489583 0.052827 0.078373
0 0.324157 0.229167 0.032738 0.043651
0 0.071181 0.799934 0.095238 0.099868
1 0.693576 0.478671 0.072173 0.075066
0 0.470982 0.671131 0.062500 0.076389
1 0.367932 0.206184 0.053819 0.071759
0 0.061880 0.938327 0.049355 0.082341
1 0.197173 0.218585 0.066964 0.079365
0 0.025174 0.946594 0.049851 0.096230
1 0.604415 0.554233 0.082837 0.101852
0 0.396205 0.771495 0.082093 0.109788
1 0.152778 0.541667 0.125992 0.149471
1 0.787450 0.803241 0.138889 0.173280
1 0.221230 0.015873 0.040675 0.029762
