1 0.921131 0.563161 0.054067 0.056217
1 0.378720 0.903770 0.151290 0.189815
1 0.920759 0.509425 0.054812 0.078373
1 0.894345 0.668155 0.066964 0.106151
1 0.931548 0.656415 0.062996 0.094577
1 0.361855 0.718089 0.132440 0.206019
0 0.697297 0.628638 0.056796 0.086640
1 0.292907 0.293155 0.077381 0.114749
1 0.929067 0.147817 0.045139 0.059524
1 0.330977 0.088294 0.150546 0.175265
1 0.222470 0.894180 0.194444 0.211640
1 0.166915 0.242725 0.172123 0.235450
1 0.089162 0.698909 0.177331 0.237765
1 0.231275 0.691303 0.109871 0.160384
