0 0.693328 0.346892 0.047867 0.050926
0 0.257937 0.485450 0.034722 0.059524
0 0.544643 0.285549 0.040179 0.047288
1 0.260293 0.402612 0.071181 0.087632
0 0.149430 0.476687 0.044395 0.044643
0 0.100074 0.495866 0.052827 0.067791
0 0.173983 0.435847 0.058780 0.066799
1 0.552951 0.223876 0.053819 0.080026
1 0.126116 0.374339 0.030010 0.036376
0 0.719990 0.621032 0.081845 0.119048
1 0.606275 0.176753 0.056796 0.072421
0 0.526910 0.505126 0.066220 0.102183
0 0.778398 0.618552 0.086558 0.113426
0 0.793403 0.458499 0.089782 0.112103
1 0.304439 0.551753 0.107391 0.128638
0 0.133557 0.541997 0.082093 0.095899
0 0.378596 0.490741 0.075645 0.078704
0 0.445064 0.481151 0.082093 0.105820
1 0.678323 0.276786 0.062500 0.073413
1 0.504340 0.246032 0.066220 0.073413
0 0.211310 0.552745 0.081845 0.103505
0 0.642361 0.585813 0.067460 0.102183
0 0.327257 0.437831 0.098462 0.112434
1 0.752728 0.333499 0.062500 0.072421
1 0.044023 0.479167 0.076637 0.083995
0 0.463046 0.372851 0.110119 0.112765
0 0.908358 0.467097 0.118800 0.114749
1 0.567708 0.589782 0.085317 0.100860
0 0.822421 0.378968 0.077381 0.095899
1 0.027158 0.426587 0.052827 0.056217
1 0.162326 0.384921 0.019097 0.027778
1 0.007068 0.395337 0.013641 0.041336
1 0.577877 0.410714 0.046131 0.059524
0 0.363467 0.555886 0.052331 0.074735
1 0.412822 0.553737 0.057788 0.061839
1 0.488467 0.587798 0.055308 0.081680
