1 0.006076 0.060020 0.011657 0.058532
0 0.244916 0.124835 0.040923 0.061177
1 0.824529 0.562831 0.071677 0.136905
0 0.021949 0.461971 0.043403 0.091931
0 0.746652 0.596065 0.086062 0.096892
0 0.074529 0.456019 0.069692 0.068122
0 0.148810 0.020668 0.050099 0.040675
0 0.317212 0.127811 0.048115 0.076389
0 0.065600 0.104497 0.048859 0.050926
1 0.769593 0.444610 0.098710 0.110119
1 0.764509 0.258598 0.066716 0.084656
0 0.697793 0.511409 0.070188 0.086310
0 0.396329 0.249504 0.076389 0.092923
1 0.868552 0.547454 0.100198 0.135913
0 0.804191 0.720403 0.160466 0.182209
0 0.826513 0.907573 0.165923 0.182870
0 0.595114 0.255622 0.134673 0.166667
0 0.716890 0.370040 0.102927 0.136243
0 0.512773 0.141038 0.154018 0.196759
0 0.609375 0.672454 0.157738 0.213955
0 0.645957 0.887401 0.164435 0.215278
