0 0.989831 0.495040 0.019841 0.118386
1 0.100322 0.217262 0.055804 0.067460
0 0.985491 0.337798 0.028522 0.125331
1 0.506572 0.055556 0.048859 0.067460
0 0.630084 0.433036 0.060764 0.070437
1 0.375992 0.198413 0.055556 0.083995
1 0.055184 0.255126 0.044395 0.054563
1 0.767113 0.612269 0.035714 0.090278
1 0.865451 0.286376 0.095982 0.104497
1 0.325521 0.759921 0.088542 0.076720
0 0.748512 0.012897 0.038690 0.025132
1 0.532490 0.362765 0.048115 0.076058
0 0.843998 0.081184 0.055060 0.085648
1 0.057912 0.734788 0.066220 0.076720
0 0.910218 0.048446 0.054563 0.074405
1 0.401786 0.107639 0.080357 0.091601
1 0.276414 0.269511 0.073165 0.103175
1 0.078497 0.053902 0.054315 0.078704
1 0.142733 0.687665 0.065724 0.083003
1 0.582217 0.024306 0.072173 0.047950
0 0.810888 0.918155 0.110367 0.158399
1 0.379340 0.560847 0.114335 0.142857
0 0.489707 0.552745 0.116319 0.154431
0 0.330481 0.659392 0.107391 0.141534
0 0.769593 0.310847 0.118056 0.158069
1 0.358135 0.303737 0.110119 0.146495
0 0.257937 0.481151 0.088294 0.119048
1 0.440848 0.194114 0.097470 0.142196
0 0.317460 0.868056 0.127976 0.176587
