0 0.913194 0.028150 0.083664 0.054315
0 0.548942 0.905258 0.127646 0.138889
0 0.592593 0.802579 0.136243 0.095238
0 0.173942 0.493676 0.113095 0.091518
0 0.500331 0.336186 0.138228 0.098958
0 0.703208 0.279886 0.111442 0.099950
0 0.247024 0.544023 0.110450 0.093006
0 0.226687 0.128472 0.159061 0.122520
0 0.480159 0.943948 0.153439 0.090774
1 0.322917 0.298239 0.182209 0.120784
1 0.210813 0.390749 0.157738 0.126736
1 0.380456 0.426587 0.176918 0.137401
0 0.437335 0.846106 0.209325 0.163442
0 0.415675 0.136533 0.216270 0.188244
