1 0.970362 0.633433 0.046875 0.096892
1 0.227803 0.234127 0.025546 0.031746
1 0.171751 0.597884 0.079613 0.103175
1 0.072421 0.343915 0.065476 0.076720
1 0.070437 0.570437 0.051091 0.096561
1 0.122024 0.569610 0.081349 0.105489
1 0.935888 0.646991 0.084573 0.114749
1 0.935392 0.275794 0.079117 0.099206
1 0.804191 0.655589 0.212550 0.255622
1 0.050099 0.465443 0.099702 0.108135
1 0.875992 0.485450 0.133433 0.157407
1 0.388021 0.152282 0.111359 0.154431
0 0.682292 0.792163 0.091270 0.155093
1 0.685144 0.303241 0.111359 0.145503
1 0.292659 0.073909 0.117063 0.147156
1 0.814856 0.383433 0.140129 0.172288
1 0.309648 0.450397 0.166419 0.210979
1 0.550347 0.780589 0.197917 0.256283
1 0.357763 0.689815 0.186260 0.234788
1 0.259797 0.183366 0.028026 0.037368
1 0.285714 0.226687 0.037202 0.041997
1 0.429191 0.249835 0.038938 0.053241
