1 0.605283 0.822586 0.071677 0.105489
0 0.691592 0.976852 0.130208 0.046296
1 0.495784 0.732970 0.080853 0.110780
1 0.631076 0.771495 0.089534 0.138228
1 0.984375 0.268022 0.031250 0.106151
1 0.561632 0.948909 0.108879 0.102183
1 0.864707 0.398810 0.081101 0.118386
1 0.850570 0.118552 0.069692 0.096230
1 0.869420 0.200728 0.077133 0.101190
1 0.119792 0.439319 0.085813 0.112103
1 0.790179 0.356151 0.069940 0.082011
1 0.937376 0.229663 0.088046 0.129299
1 0.573537 0.506118 0.093006 0.139220
1 0.305308 0.373347 0.130456 0.146825
0 0.464162 0.377646 0.101438 0.154762
1 0.546503 0.641700 0.129216 0.165675
1 0.076885 0.611442 0.145337 0.209656
1 0.229043 0.502315 0.182292 0.214286
1 0.449405 0.232639 0.121032 0.176918
0 0.386781 0.497851 0.139633 0.147817
1 0.293527 0.237765 0.126240 0.166667
