1 0.156002 0.056713 0.036210 0.045304
0 0.448289 0.198413 0.090030 0.109788
0 0.418899 0.257606 0.073909 0.083333
1 0.091022 0.108962 0.060020 0.090278
0 0.515997 0.124835 0.087550 0.105489
0 0.784474 0.205357 0.091766 0.097884
0 0.254092 0.906085 0.101935 0.137566
1 0.135045 0.310351 0.084573 0.100198
0 0.670511 0.245040 0.093006 0.118386
0 0.608879 0.078538 0.105655 0.155754
0 0.531746 0.243221 0.119544 0.157738
0 0.378968 0.773313 0.110119 0.162368
0 0.569444 0.714782 0.125496 0.156415
0 0.586062 0.529762 0.127480 0.169974
0 0.341890 0.910880 0.134177 0.162368
0 0.644345 0.370040 0.140873 0.160714
0 0.779266 0.338790 0.131944 0.163690
0 0.498884 0.406581 0.121776 0.151124
0 0.595114 0.714782 0.061260 0.096230
