1 0.309276 0.345403 0.053075 0.072421
0 0.939856 0.402778 0.046379 0.049603
0 0.871776 0.391204 0.037698 0.056878
1 0.674975 0.154762 0.038938 0.054233
1 0.542907 0.047950 0.045139 0.054233
1 0.263145 0.055225 0.034722 0.046958
1 0.929315 0.018022 0.048115 0.035384
1 0.823909 0.085317 0.033234 0.048942
1 0.489583 0.014550 0.033234 0.028439
1 0.844742 0.036376 0.039683 0.052249
0 0.435888 0.310681 0.052331 0.061177
1 0.501240 0.334491 0.087302 0.121362
1 0.520709 0.404597 0.087550 0.077050
1 0.853299 0.106481 0.042411 0.056878
1 0.119296 0.117725 0.070437 0.079365
1 0.342510 0.315642 0.061508 0.109458
1 0.754960 0.651786 0.112599 0.135582
1 0.859747 0.612269 0.098462 0.146495
1 0.078497 0.561343 0.156498 0.184193
1 0.265377 0.484954 0.071925 0.081019
1 0.750248 0.520503 0.103671 0.128968
1 0.578993 0.370536 0.083581 0.115410
0 0.165923 0.449405 0.133433 0.183201
0 0.876612 0.340443 0.035466 0.045966
