1 0.259797 0.613261 0.197669 0.303241
0 0.187996 0.217097 0.051587 0.057209
1 0.367063 0.134755 0.101687 0.098214
0 0.373760 0.221065 0.112103 0.118717
1 0.414187 0.100198 0.053571 0.078042
0 0.159102 0.976687 0.201141 0.046627
1 0.826761 0.214782 0.055804 0.085648
0 0.917039 0.866733 0.092014 0.117725
1 0.793775 0.274306 0.075149 0.094907
1 0.565476 0.124339 0.098214 0.136243
1 0.766369 0.177249 0.080853 0.109127
1 0.453125 0.751323 0.081349 0.110450
1 0.645957 0.107970 0.106399 0.131283
1 0.366195 0.676257 0.216518 0.304233
1 0.538070 0.035218 0.065724 0.067791
0 0.627356 0.342593 0.129216 0.168651
1 0.604663 0.588790 0.158234 0.204034
0 0.569444 0.801753 0.161210 0.274802
1 0.694816 0.485946 0.144097 0.199405
1 0.114955 0.439815 0.227431 0.312831
0 0.743552 0.801257 0.193948 0.288360
1 0.948413 0.779101 0.063988 0.085317
1 0.951885 0.562169 0.067956 0.090608
1 0.270585 0.044808 0.066964 0.058532
1 0.043775 0.659722 0.087054 0.110450
1 0.291419 0.865741 0.049603 0.066138
1 0.209697 0.953869 0.054315 0.072421
1 0.421875 0.833003 0.070437 0.073413
1 0.508929 0.191303 0.065476 0.082341
