0 0.201637 0.800761 0.068452 0.106812
0 0.171751 0.468585 0.048363 0.097222
0 0.500620 0.968254 0.099950 0.062831
1 0.228299 0.428571 0.106399 0.112434
0 0.516245 0.047619 0.105407 0.094577
0 0.773810 0.159392 0.121032 0.144841
0 0.844990 0.290179 0.125992 0.164352
0 0.124628 0.688161 0.079117 0.090608
1 0.428075 0.605655 0.059028 0.103505
1 0.562872 0.558036 0.082093 0.104167
1 0.217758 0.653108 0.118552 0.139550
0 0.771453 0.360946 0.170387 0.226521
0 0.309276 0.813823 0.159722 0.207011
0 0.397569 0.910880 0.129960 0.163029
0 0.428199 0.354663 0.167907 0.252315
0 0.539435 0.424769 0.168155 0.245701
0 0.236855 0.924438 0.135417 0.151124
0 0.712054 0.607474 0.148810 0.240079
0 0.311756 0.183532 0.207341 0.277778
0 0.873016 0.616733 0.183532 0.246693
1 0.630456 0.532573 0.046131 0.085648
0 0.626612 0.087632 0.121280 0.121032
0 0.528274 0.625331 0.056548 0.062831
