0 0.296007 0.447917 0.035466 0.038690
0 0.904266 0.380456 0.080853 0.084987
0 0.017237 0.934028 0.033978 0.131944
0 0.926215 0.477348 0.131696 0.120701
0 0.408730 0.298115 0.099702 0.141865
1 0.787822 0.486442 0.113343 0.135582
0 0.878472 0.715278 0.116567 0.156085
0 0.936136 0.772983 0.110367 0.110780
0 0.106771 0.492560 0.134673 0.159061
0 0.648313 0.656085 0.130456 0.168651
0 0.114459 0.662698 0.158978 0.195106
0 0.771577 0.766204 0.154266 0.184524
0 0.504092 0.481481 0.145089 0.175926
0 0.160094 0.316138 0.137153 0.150794
0 0.707465 0.310020 0.152034 0.185516
0 0.227183 0.602679 0.207341 0.234458
0 0.516245 0.330192 0.154018 0.196759
0 0.647321 0.493056 0.143353 0.159392
0 0.033978 0.869213 0.062500 0.096230
0 0.542535 0.204034 0.084573 0.080026
