1 0.774306 0.044147 0.037202 0.051257
0 0.681424 0.598049 0.044395 0.054563
1 0.105903 0.102183 0.071429 0.089286
1 0.401042 0.431052 0.057044 0.078373
1 0.915055 0.089947 0.061260 0.097884
1 0.350818 0.427745 0.056796 0.073743
0 0.683284 0.400298 0.079861 0.098214
0 0.900422 0.617725 0.088542 0.105820
1 0.408978 0.289683 0.056052 0.070106
1 0.287450 0.253638 0.067460 0.091270
1 0.419891 0.198909 0.059028 0.078373
1 0.732639 0.651124 0.076389 0.097884
1 0.879712 0.928737 0.101190 0.139220
1 0.135665 0.764716 0.149306 0.181548
1 0.288814 0.644015 0.131200 0.158399
