0 0.884177 0.251323 0.106151 0.172619
0 0.728547 0.309854 0.123264 0.110450
1 0.397693 0.304233 0.112847 0.150132
0 0.580853 0.327216 0.098710 0.113426
0 0.704613 0.253638 0.110615 0.121032
0 0.331597 0.505622 0.153274 0.169974
0 0.941344 0.281085 0.114831 0.236772
0 0.892609 0.113095 0.144841 0.179894
0 0.490947 0.910384 0.147569 0.176587
0 0.673487 0.497851 0.137153 0.174272
0 0.589906 0.881614 0.159474 0.234788
0 0.727307 0.746032 0.203125 0.283069
0 0.411458 0.668651 0.140377 0.189815
0 0.211186 0.352679 0.173363 0.202712
1 0.249628 0.178571 0.213046 0.286376
0 0.660962 0.167659 0.188492 0.261905
1 0.472842 0.457011 0.183780 0.246032
1 0.185888 0.593089 0.182788 0.207341
