0 0.270957 0.392196 0.056796 0.031746
0 0.130332 0.236442 0.070188 0.093915
0 0.346478 0.279266 0.059028 0.073082
1 0.770709 0.089451 0.071677 0.081680
0 0.509177 0.610284 0.051587 0.086971
0 0.911582 0.394676 0.068700 0.096230
0 0.155382 0.295966 0.108383 0.164683
0 0.733879 0.787698 0.071925 0.062169
0 0.900422 0.299438 0.093502 0.108135
0 0.758433 0.343089 0.083333 0.106812
0 0.157242 0.102183 0.133433 0.164021
0 0.821305 0.154101 0.081101 0.104497
0 0.326637 0.356647 0.049107 0.067130
0 0.823041 0.765212 0.133185 0.174603
0 0.831597 0.413360 0.135417 0.161376
0 0.252604 0.316634 0.136657 0.149802
0 0.687376 0.707011 0.125744 0.172619
0 0.741071 0.556548 0.130952 0.160053
0 0.543527 0.421958 0.080109 0.100529
0 0.449033 0.624339 0.110863 0.131614
