0 0.942088 0.983466 0.115327 0.032407
0 0.368924 0.978671 0.100942 0.040675
1 0.295139 0.014550 0.085317 0.028439
1 0.172123 0.245370 0.058036 0.066138
0 0.921503 0.221892 0.072173 0.097884
1 0.130084 0.219907 0.051835 0.066799
0 0.484003 0.162698 0.077629 0.089947
1 0.256324 0.726687 0.086558 0.080357
1 0.664435 0.934028 0.093254 0.131283
1 0.399554 0.128307 0.079365 0.087302
1 0.178447 0.118056 0.066716 0.085317
1 0.100818 0.024471 0.074157 0.048280
1 0.921503 0.324405 0.078621 0.099868
1 0.867684 0.721892 0.134177 0.141534
1 0.359623 0.743056 0.089286 0.108466
0 0.063120 0.552745 0.125744 0.184193
0 0.877604 0.048446 0.078621 0.095569
1 0.498760 0.942626 0.088790 0.110780
1 0.605779 0.878638 0.111359 0.160053
1 0.372024 0.863261 0.095734 0.137897
0 0.113591 0.669147 0.111111 0.133267
1 0.262153 0.841766 0.138889 0.183532
1 0.161582 0.862269 0.089534 0.136574
1 0.308780 0.106481 0.119048 0.160053
0 0.732019 0.587798 0.171875 0.204034
1 0.844246 0.493221 0.167659 0.192791
0 0.846354 0.249835 0.057788 0.081019
