0 0.553167 0.662000 0.066667 0.100000
0 0.925667 0.240250 0.066667 0.100000
0 0.712667 0.519500 0.091333 0.137000
0 0.467083 0.816375 0.085500 0.128250
0 0.526417 0.811875 0.063833 0.095750
0 0.348917 0.790125 0.081167 0.121750
0 0.316083 0.947750 0.069500 0.104500
0 0.273167 0.826750 0.070333 0.105500
0 0.327083 0.552125 0.081167 0.121750
0 0.452167 0.344000 0.089000 0.133500
0 0.539083 0.861375 0.057167 0.085750
0 0.191250 0.138625 0.089167 0.133750
0 0.245250 0.099875 0.089833 0.134750
0 0.194333 0.265750 0.077667 0.116500
0 0.490667 0.755375 0.032333 0.043250
