0 0.739707 0.369213 0.043403 0.053241
0 0.050347 0.896329 0.041667 0.040675
1 0.619048 0.752976 0.047123 0.044974
0 0.577381 0.270503 0.085813 0.110450
0 0.639757 0.052910 0.062252 0.087963
1 0.307292 0.594742 0.092758 0.099537
1 0.968750 0.581515 0.062500 0.083003
1 0.218502 0.322421 0.059028 0.071429
1 0.637525 0.886905 0.112847 0.103175
1 0.312500 0.455026 0.085813 0.153439
1 0.577877 0.110450 0.064484 0.098545
1 0.528026 0.888228 0.133929 0.153439
1 0.816964 0.380622 0.089286 0.111772
1 0.690972 0.480159 0.107143 0.138228
0 0.657490 0.567626 0.073413 0.096230
