1 0.451637 0.200893 0.035714 0.041997
1 0.509549 0.016038 0.042411 0.030754
0 0.731275 0.828704 0.037450 0.060185
1 0.190724 0.804233 0.031250 0.065476
1 0.264757 0.437335 0.072173 0.101521
1 0.729539 0.030754 0.037946 0.052249
1 0.698785 0.017030 0.032490 0.033399
1 0.153770 0.096230 0.074405 0.084656
1 0.059276 0.720899 0.050099 0.062831
1 0.015253 0.299438 0.030010 0.100860
0 0.810888 0.955192 0.081101 0.088955
1 0.381572 0.728671 0.044395 0.084987
1 0.928943 0.531581 0.086062 0.102183
1 0.156374 0.942626 0.121776 0.114749
1 0.787574 0.322917 0.072173 0.105489
1 0.910466 0.430060 0.084821 0.106812
1 0.273810 0.725198 0.078869 0.116402
1 0.712054 0.324735 0.112103 0.134259
0 0.265873 0.587963 0.063492 0.087963
1 0.224950 0.498016 0.147817 0.185185
0 0.608879 0.457011 0.123016 0.144841
0 0.105035 0.812335 0.149058 0.202712
0 0.432664 0.791171 0.122768 0.236442
1 0.150174 0.312831 0.165923 0.190476
1 0.411334 0.516700 0.124256 0.161045
0 0.553075 0.817626 0.172619 0.259590
1 0.616691 0.575893 0.132688 0.152447
0 0.757192 0.926257 0.063988 0.085317
1 0.658234 0.129134 0.037698 0.039352
1 0.643477 0.093089 0.039931 0.045966
1 0.499008 0.266534 0.045635 0.060847
1 0.696553 0.239087 0.063244 0.073413
