1 0.685268 0.321925 0.095734 0.084987
1 0.964534 0.625165 0.042659 0.054563
1 0.530878 0.217262 0.032490 0.046958
1 0.907242 0.067956 0.038690 0.044643
1 0.692832 0.388228 0.033978 0.045635
0 0.563740 0.303737 0.071925 0.102844
1 0.631696 0.319610 0.049107 0.071759
1 0.159722 0.790013 0.133929 0.194444
1 0.513145 0.309028 0.032242 0.041997
1 0.131944 0.383433 0.093750 0.104167
1 0.962922 0.114749 0.074157 0.104497
1 0.606895 0.412368 0.049107 0.070106
1 0.837178 0.106647 0.079613 0.086971
1 0.120908 0.534557 0.090030 0.139881
1 0.210069 0.296958 0.073909 0.091931
1 0.911706 0.202712 0.087302 0.095899
1 0.722098 0.324901 0.053323 0.077050
0 0.966146 0.551257 0.059276 0.079365
0 0.975570 0.872851 0.047867 0.114087
1 0.734871 0.078042 0.083333 0.111772
1 0.683532 0.089616 0.062004 0.101190
1 0.444568 0.019676 0.053819 0.038690
0 0.048115 0.247024 0.066964 0.078704
1 0.194816 0.498512 0.110367 0.135251
1 0.391617 0.031085 0.062996 0.060847
0 0.427579 0.540344 0.122520 0.180556
0 0.882937 0.316138 0.112103 0.122354
1 0.396081 0.688823 0.139385 0.185847
1 0.536458 0.501323 0.144841 0.192460
0 0.793527 0.321925 0.107391 0.150463
1 0.517857 0.675265 0.111111 0.145503
0 0.925471 0.542659 0.043899 0.074735
0 0.914683 0.467097 0.040179 0.058532
0 0.179191 0.058862 0.051835 0.060847
0 0.044643 0.117229 0.058532 0.061839
0 0.274802 0.075893 0.041667 0.056548
0 0.316840 0.076885 0.045387 0.054563
0 0.281498 0.027447 0.045635 0.053571
0 0.227927 0.070106 0.047123 0.074735
0 0.170387 0.019676 0.053571 0.038690
