0 0.206917 0.925000 0.070167 0.100000
0 0.077417 0.654125 0.068167 0.083250
0 0.162833 0.584875 0.072333 0.105250
0 0.291333 0.217625 0.036000 0.056250
0 0.203750 0.305250 0.054167 0.062500
0 0.303750 0.346375 0.054167 0.059250
0 0.236417 0.413500 0.045833 0.060500
0 0.266000 0.487500 0.064667 0.089500
0 0.286500 0.432875 0.048667 0.082250
0 0.419833 0.529125 0.048667 0.083250
0 0.238167 0.613000 0.050667 0.082500
0 0.293750 0.691625 0.072833 0.093750
0 0.436167 0.412500 0.041000 0.058500
0 0.512500 0.441125 0.048000 0.073750
0 0.573917 0.518250 0.052833 0.072000
0 0.629833 0.533875 0.042333 0.069750
0 0.499583 0.365625 0.037500 0.052250
0 0.589583 0.270875 0.042500 0.070750
0 0.692333 0.237500 0.041000 0.052000
0 0.853167 0.699875 0.075000 0.081250
0 0.748250 0.868250 0.055500 0.078000
0 0.761083 0.481250 0.045167 0.064500
0 0.800667 0.502500 0.060333 0.074000
0 0.844500 0.467750 0.050667 0.075000
0 0.812500 0.055625 0.036667 0.055250
0 0.968750 0.180125 0.035500 0.045750
0 0.956250 0.097375 0.039500 0.057250
0 0.984417 0.090625 0.030500 0.060250
0 0.793250 0.728250 0.077833 0.087000
0 0.455417 0.374000 0.040833 0.048500
