0 0.025000 0.430125 0.038333 0.056250
0 0.036083 0.721375 0.061833 0.082250
0 0.102833 0.724000 0.066000 0.085500
0 0.253833 0.457750 0.086000 0.113500
0 0.435417 0.266625 0.036833 0.054250
0 0.540250 0.316625 0.045167 0.060250
0 0.472917 0.344250 0.039500 0.053000
0 0.569833 0.388000 0.048667 0.053000
0 0.611750 0.411000 0.028500 0.049000
0 0.623333 0.739625 0.066667 0.079250
0 0.662500 0.657750 0.059000 0.088500
0 0.822583 0.590000 0.047167 0.051000
0 0.960417 0.492250 0.040833 0.049000
0 0.795500 0.551500 0.027667 0.049000
0 0.843000 0.545250 0.032667 0.036500
0 0.755833 0.520750 0.025000 0.035500
0 0.797583 0.303625 0.048500 0.065750
0 0.745500 0.403125 0.034667 0.045750
0 0.658000 0.399375 0.039000 0.057250
