1 0.806052 0.346065 0.062500 0.084325
1 0.021949 0.376653 0.043403 0.092593
1 0.893477 0.503142 0.054812 0.085648
1 0.015253 0.167659 0.029514 0.064153
0 0.659102 0.849041 0.070188 0.106151
1 0.107143 0.134425 0.040675 0.049272
1 0.062128 0.153770 0.054812 0.073413
1 0.845238 0.578042 0.078373 0.126984
0 0.115203 0.487765 0.048363 0.090608
1 0.212426 0.495866 0.056796 0.094246
0 0.263517 0.143519 0.052331 0.076058
1 0.163442 0.496528 0.073413 0.088294
1 0.912078 0.264220 0.076637 0.094577
1 0.437128 0.296462 0.100446 0.128638
1 0.345610 0.219577 0.116815 0.138228
1 0.074157 0.387401 0.097222 0.102844
1 0.759673 0.756614 0.166171 0.186508
1 0.686136 0.369544 0.099950 0.133929
1 0.375124 0.588294 0.137649 0.179233
1 0.744048 0.274306 0.082341 0.106151
1 0.787326 0.561343 0.110367 0.141865
0 0.419395 0.767692 0.139881 0.176918
1 0.572297 0.874339 0.141121 0.190476
1 0.851935 0.321429 0.063492 0.097884
1 0.765997 0.645668 0.081597 0.056548
1 0.875000 0.537202 0.060020 0.079034
1 0.257440 0.020007 0.053571 0.039352
1 0.416667 0.012070 0.032738 0.018188
1 0.594370 0.076554 0.028026 0.034061
1 0.582961 0.123016 0.035962 0.033069
0 0.491939 0.106978 0.048859 0.056548
