1 0.973958 0.412368 0.050099 0.083333
1 0.294023 0.723049 0.111359 0.221230
1 0.840774 0.664683 0.096726 0.139550
1 0.291791 0.210813 0.114831 0.162368
0 0.707341 0.313823 0.096726 0.127646
0 0.698289 0.209987 0.076637 0.099868
1 0.400918 0.113757 0.111359 0.134259
1 0.185268 0.619544 0.125992 0.147156
1 0.174355 0.786706 0.149306 0.207672
0 0.878720 0.339782 0.135417 0.185516
1 0.171007 0.222884 0.184276 0.244048
1 0.208829 0.453208 0.198909 0.264220
1 0.811756 0.778439 0.084325 0.116402
