0 0.059417 0.195625 0.065833 0.084750
0 0.081167 0.239625 0.048667 0.061750
0 0.180833 0.216250 0.062333 0.091500
0 0.135833 0.216750 0.042000 0.068500
0 0.259417 0.285750 0.051500 0.063000
0 0.327500 0.310250 0.054333 0.068500
0 0.479333 0.541250 0.078333 0.132500
0 0.580083 0.455500 0.075500 0.113000
0 0.555417 0.554375 0.072500 0.089250
0 0.560833 0.582500 0.061667 0.093500
0 0.784417 0.137500 0.052167 0.064000
0 0.747500 0.825000 0.079667 0.106500
0 0.750417 0.929375 0.047833 0.065250
0 0.802250 0.947250 0.068833 0.075000
0 0.730417 0.164125 0.032500 0.041250
