0 0.726190 0.624339 0.037698 0.048942
0 0.595238 0.326720 0.020833 0.041667
1 0.525174 0.549934 0.024058 0.027116
0 0.698413 0.573909 0.025794 0.035384
0 0.198909 0.516038 0.062996 0.072421
1 0.738963 0.115079 0.019593 0.026455
1 0.402778 0.457507 0.017361 0.031415
1 0.540799 0.279266 0.019593 0.028108
1 0.721974 0.096892 0.022321 0.027778
0 0.713790 0.625331 0.023810 0.046958
1 0.646205 0.251323 0.016617 0.023148
0 0.005580 0.593585 0.010665 0.039021
1 0.124628 0.619544 0.076637 0.045966
0 0.715154 0.739749 0.046875 0.047619
1 0.525422 0.508102 0.025050 0.046627
1 0.686508 0.317626 0.041667 0.055886
0 0.305804 0.314319 0.025298 0.033399
1 0.733631 0.123512 0.026290 0.029431
1 0.727803 0.092427 0.018601 0.026124
0 0.716022 0.103175 0.016369 0.023148
0 0.383681 0.124835 0.015377 0.022156
1 0.820685 0.845734 0.060020 0.087632
0 0.625000 0.356978 0.038690 0.041997
1 0.652406 0.160053 0.017113 0.021825
1 0.695437 0.187665 0.025298 0.035384
0 0.219494 0.371362 0.037698 0.050265
0 0.635045 0.099702 0.019593 0.024802
0 0.739459 0.627646 0.040923 0.053571
1 0.663318 0.292989 0.026538 0.035714
0 0.048363 0.470569 0.039187 0.048280
0 0.132440 0.374504 0.028770 0.041997
1 0.755704 0.038856 0.021329 0.026786
0 0.218378 0.399306 0.034970 0.044643
1 0.614707 0.093254 0.025050 0.033069
1 0.722346 0.061343 0.018601 0.024140
0 0.991567 0.510913 0.015873 0.059524
1 0.835938 0.412864 0.034970 0.050595
0 0.282738 0.674438 0.065476 0.076389
1 0.609003 0.060020 0.020585 0.028770
0 0.916915 0.235284 0.019841 0.023479
1 0.669271 0.339782 0.042411 0.052579
0 0.170139 0.570437 0.049107 0.068783
0 0.244420 0.400463 0.026042 0.033730
1 0.471106 0.513889 0.039931 0.052910
1 0.462674 0.141700 0.022073 0.030093
0 0.184028 0.404597 0.033234 0.043981
1 0.685516 0.145999 0.023313 0.031415
1 0.141617 0.670470 0.056052 0.076389
1 0.203249 0.291667 0.035466 0.039021
1 0.315848 0.271825 0.032490 0.041667
1 0.673735 0.177249 0.021577 0.028439
1 0.368552 0.254299 0.029762 0.035053
0 0.414311 0.519676 0.050347 0.073743
1 0.551463 0.178737 0.028522 0.039352
0 0.058284 0.550761 0.045139 0.059854
0 0.922123 0.622851 0.044643 0.056548
0 0.915179 0.677249 0.056548 0.060185
1 0.467758 0.110450 0.024306 0.033069
0 0.478175 0.653770 0.042659 0.072751
1 0.326389 0.335813 0.036706 0.043320
0 0.147693 0.404101 0.037450 0.044312
1 0.324777 0.632110 0.079117 0.106812
0 0.979291 0.557044 0.041419 0.057209
0 0.019469 0.565642 0.036954 0.051918
0 0.447297 0.577712 0.036954 0.050926
1 0.800843 0.433697 0.049603 0.057870
0 0.768601 0.791667 0.057044 0.076720
1 0.715278 0.328208 0.036210 0.049934
1 0.226314 0.854167 0.074157 0.105820
0 0.878596 0.582507 0.043403 0.049934
1 0.180184 0.237434 0.041419 0.054233
1 0.256076 0.734292 0.070188 0.089616
0 0.565104 0.493056 0.072173 0.098545
1 0.785342 0.380126 0.040923 0.052579
0 0.716270 0.830522 0.049603 0.076389
1 0.168155 0.286376 0.039187 0.048280
1 0.290303 0.353175 0.043403 0.050265
0 0.941840 0.736938 0.046379 0.057209
1 0.627480 0.401620 0.057044 0.065807
1 0.441840 0.309028 0.050347 0.070437
1 0.551587 0.359458 0.044643 0.058201
0 0.960441 0.661376 0.048363 0.055556
0 0.604539 0.474702 0.065228 0.077050
1 0.487599 0.356316 0.054563 0.063823
1 0.324653 0.728340 0.062004 0.076389
1 0.288194 0.153770 0.020833 0.039683
