0 0.986111 0.971065 0.027282 0.053902
0 0.475322 0.098545 0.035466 0.050926
1 0.466022 0.142196 0.038690 0.048280
0 0.164683 0.523810 0.052579 0.056878
1 0.987227 0.658730 0.025546 0.111772
1 0.016865 0.640212 0.033234 0.128307
1 0.526414 0.068783 0.053323 0.083333
0 0.778150 0.222388 0.031498 0.041336
0 0.190848 0.140212 0.035466 0.047619
0 0.420635 0.113922 0.053075 0.065807
1 0.188244 0.717593 0.062500 0.107143
0 0.609499 0.025794 0.035962 0.047619
0 0.140253 0.067626 0.060268 0.071759
1 0.504092 0.522321 0.055804 0.087632
1 0.648686 0.040840 0.053323 0.067791
1 0.839782 0.831019 0.052579 0.064815
1 0.879712 0.770007 0.062996 0.073082
1 0.047495 0.583995 0.093502 0.125661
1 0.834697 0.668651 0.088542 0.110450
1 0.581721 0.785880 0.079613 0.113426
1 0.536706 0.670966 0.109127 0.143519
1 0.793527 0.787368 0.084077 0.101852
1 0.497892 0.019180 0.032986 0.037037
1 0.978051 0.619874 0.043899 0.092262
1 0.711930 0.629630 0.047867 0.102513
1 0.605159 0.628472 0.062004 0.073082
1 0.425843 0.414021 0.036706 0.074074
