1 0.989583 0.930060 0.020337 0.139881
0 0.927703 0.076389 0.048363 0.054894
0 0.252604 0.572917 0.040923 0.058532
0 0.334325 0.297454 0.045139 0.062500
0 0.910094 0.206515 0.069692 0.096892
0 0.876488 0.025132 0.063492 0.049603
0 0.807664 0.249339 0.101438 0.105159
0 0.152530 0.867560 0.121528 0.176257
0 0.590898 0.313161 0.044891 0.060185
0 0.237475 0.415179 0.104415 0.120040
0 0.168031 0.730655 0.115327 0.142526
0 0.116319 0.407077 0.124008 0.158730
1 0.224702 0.254630 0.121528 0.160053
0 0.707713 0.270503 0.108383 0.148810
0 0.838914 0.589782 0.110367 0.137897
0 0.157986 0.549769 0.151290 0.178902
0 0.834325 0.718089 0.131448 0.151786
0 0.257316 0.825728 0.115823 0.188492
