0 0.525050 0.027447 0.066964 0.054233
0 0.160094 0.081515 0.052331 0.056548
1 0.366195 0.017196 0.037946 0.032407
1 0.448909 0.071759 0.030258 0.054233
0 0.102803 0.446429 0.036954 0.079365
0 0.984995 0.249008 0.029514 0.087963
1 0.302827 0.019015 0.034226 0.037368
1 0.606523 0.029266 0.104911 0.057870
1 0.784474 0.104167 0.061508 0.096561
0 0.328993 0.963790 0.134177 0.072421
0 0.943080 0.286872 0.046875 0.076389
1 0.500992 0.401290 0.143849 0.197421
1 0.239087 0.632606 0.086310 0.104497
1 0.752108 0.170966 0.071677 0.095238
1 0.725322 0.072090 0.079117 0.109788
0 0.736111 0.593585 0.068452 0.095899
0 0.340030 0.090112 0.099702 0.122024
0 0.812128 0.955026 0.091518 0.087302
0 0.823537 0.722388 0.078621 0.108135
1 0.981027 0.339782 0.037450 0.090278
1 0.383805 0.570602 0.079613 0.111442
1 0.290179 0.462632 0.170635 0.238095
1 0.206969 0.408565 0.174851 0.249669
1 0.220858 0.919147 0.141617 0.152447
0 0.566468 0.213294 0.111111 0.156746
0 0.120908 0.844577 0.173363 0.242063
0 0.486979 0.615741 0.146577 0.236111
1 0.613963 0.346065 0.124752 0.178241
1 0.087426 0.250827 0.174355 0.274140
0 0.629092 0.613426 0.164435 0.238757
1 0.741939 0.671627 0.076637 0.072751
1 0.358879 0.663690 0.050595 0.067460
1 0.861855 0.656746 0.066964 0.089286
1 0.892733 0.467262 0.076141 0.118386
1 0.469866 0.206019 0.059772 0.049603
1 0.188120 0.747024 0.052331 0.034392
