1 0.222222 0.684854 0.084325 0.157407
1 0.947793 0.277116 0.092014 0.100529
1 0.199405 0.582011 0.074405 0.127646
0 0.280258 0.525298 0.128472 0.143849
1 0.904266 0.331680 0.105159 0.144180
1 0.137029 0.174438 0.069692 0.088294
1 0.818948 0.356151 0.146825 0.142196
1 0.922123 0.445602 0.084821 0.106151
1 0.210317 0.262401 0.083333 0.101521
1 0.664807 0.797123 0.107887 0.114749
1 0.640749 0.225364 0.108879 0.151124
1 0.384177 0.597388 0.168651 0.225198
0 0.099206 0.645007 0.177083 0.209325
0 0.821181 0.491071 0.162698 0.188492
1 0.669271 0.370536 0.160466 0.244378
0 0.416543 0.327216 0.122768 0.158399
0 0.424355 0.811343 0.183532 0.227183
