1 0.608135 0.427249 0.085813 0.095899
1 0.512897 0.778274 0.089782 0.111442
0 0.379340 0.537864 0.147073 0.126653
1 0.871280 0.378638 0.076885 0.139550
1 0.942708 0.048280 0.112103 0.095899
0 0.593378 0.667659 0.087054 0.107143
0 0.800843 0.920966 0.117063 0.154101
1 0.350694 0.673942 0.160714 0.216931
0 0.415055 0.878142 0.131696 0.174272
1 0.490823 0.447421 0.160714 0.218254
0 0.708581 0.805060 0.145833 0.193452
1 0.537326 0.166501 0.200645 0.288029
1 0.677083 0.201389 0.071429 0.093915
0 0.254712 0.952216 0.112103 0.077050
