0 0.309524 0.573743 0.114583 0.118386
1 0.628720 0.518519 0.089782 0.067460
0 0.541915 0.455026 0.059028 0.094577
0 0.738839 0.408399 0.123016 0.139550
0 0.848586 0.679233 0.152530 0.187169
0 0.766865 0.608631 0.136409 0.195437
0 0.120164 0.222388 0.229911 0.269511
0 0.878720 0.257110 0.137897 0.143188
0 0.929315 0.519015 0.140873 0.163690
0 0.181176 0.481151 0.220982 0.245370
0 0.376364 0.436343 0.180804 0.219907
0 0.462178 0.634425 0.166419 0.220569
0 0.413070 0.237765 0.188740 0.222884
0 0.642609 0.685847 0.202381 0.257275
