0 0.076083 0.654875 0.115167 0.172750
0 0.161667 0.724500 0.103667 0.155500
0 0.295333 0.727000 0.079667 0.119500
0 0.225750 0.855375 0.085500 0.128250
0 0.126833 0.851500 0.087667 0.131500
0 0.598500 0.469000 0.108000 0.162000
0 0.228167 0.478750 0.096333 0.144500
0 0.877083 0.417375 0.111500 0.167250
0 0.910083 0.648375 0.126833 0.190250
0 0.296000 0.438000 0.111667 0.167500
0 0.421083 0.405875 0.080500 0.120750
0 0.077167 0.391500 0.092667 0.101000
0 0.923833 0.078000 0.102667 0.123000
0 0.870333 0.175375 0.077667 0.139750
0 0.839917 0.681875 0.047500 0.068250
