0 0.150546 0.964782 0.136905 0.070437
0 0.937748 0.442295 0.052579 0.058532
1 0.879588 0.386078 0.083581 0.096892
0 0.768477 0.669808 0.140625 0.213294
0 0.988467 0.029927 0.022569 0.059193
0 0.917783 0.510913 0.080109 0.085979
0 0.042039 0.078208 0.059276 0.090939
1 0.404018 0.249339 0.102183 0.092593
0 0.818328 0.546958 0.072669 0.073413
1 0.156622 0.899471 0.082093 0.105820
1 0.587550 0.697421 0.069444 0.106481
1 0.676835 0.027612 0.077381 0.054563
1 0.918155 0.723876 0.163690 0.199735
1 0.533234 0.205192 0.084821 0.118717
1 0.495040 0.095899 0.092262 0.093915
1 0.052703 0.722222 0.065228 0.083333
1 0.772321 0.023479 0.093750 0.046296
1 0.472842 0.610946 0.084077 0.108135
1 0.251612 0.744544 0.141121 0.192130
1 0.428571 0.329200 0.120536 0.156415
1 0.469618 0.168651 0.085565 0.123677
1 0.235243 0.339782 0.092014 0.120701
1 0.334077 0.382606 0.131448 0.191799
0 0.361731 0.807374 0.147073 0.192791
0 0.172619 0.573909 0.102183 0.127315
1 0.420759 0.181217 0.051339 0.060847
