0 0.935268 0.976356 0.101190 0.047288
0 0.986111 0.952712 0.027282 0.093915
1 0.770213 0.094081 0.090030 0.128638
0 0.721974 0.970403 0.098710 0.058532
0 0.977803 0.501323 0.043899 0.109127
1 0.670883 0.391204 0.067956 0.102513
1 0.450149 0.360946 0.075893 0.088955
0 0.357143 0.622354 0.069940 0.076058
0 0.263393 0.420470 0.106647 0.098876
0 0.553199 0.744048 0.076141 0.113095
1 0.751984 0.732970 0.126984 0.196098
1 0.835069 0.640873 0.106151 0.170635
1 0.903894 0.895503 0.078621 0.111111
0 0.429688 0.547784 0.087550 0.096230
0 0.273686 0.692130 0.106399 0.140212
0 0.501984 0.652282 0.110615 0.143849
0 0.752480 0.522487 0.083333 0.121032
1 0.360739 0.368056 0.116319 0.157407
1 0.876612 0.505126 0.110863 0.133929
0 0.236359 0.524306 0.130952 0.178241
1 0.412078 0.170966 0.149058 0.208995
1 0.517857 0.184193 0.070437 0.102513
