1 0.841518 0.013724 0.046627 0.025463
1 0.129836 0.384259 0.103919 0.121032
1 0.702133 0.394511 0.036210 0.046296
1 0.952877 0.137897 0.082837 0.105820
0 0.012525 0.237103 0.024554 0.082011
1 0.535590 0.231978 0.030010 0.043320
1 0.415675 0.883929 0.104663 0.076720
1 0.921503 0.205522 0.084077 0.090939
0 0.662326 0.022817 0.058284 0.044974
0 0.181424 0.069610 0.050843 0.065807
0 0.573413 0.284557 0.056052 0.065146
1 0.223338 0.295470 0.085565 0.104167
1 0.212550 0.750000 0.169643 0.168651
1 0.857019 0.101356 0.078125 0.083664
1 0.455233 0.029266 0.050347 0.053902
0 0.157986 0.506614 0.100198 0.124339
1 0.701017 0.086971 0.063740 0.104497
0 0.054067 0.239253 0.072917 0.081019
1 0.734251 0.331019 0.055804 0.073413
0 0.277158 0.089947 0.056796 0.070767
1 0.400298 0.036541 0.063988 0.072421
0 0.971230 0.559028 0.057044 0.082341
0 0.490203 0.505622 0.135665 0.162037
1 0.756820 0.072751 0.081101 0.106481
1 0.246776 0.440642 0.116071 0.151124
1 0.613095 0.442626 0.152282 0.206019
1 0.474826 0.620040 0.136657 0.167989
0 0.808904 0.319114 0.109375 0.149471
0 0.899058 0.308036 0.108631 0.124669
1 0.591022 0.624339 0.120040 0.156085
1 0.843502 0.191799 0.048115 0.053571
0 0.222842 0.085317 0.052827 0.078042
0 0.040675 0.113261 0.061508 0.069114
0 0.096602 0.094081 0.055308 0.079696
