0 0.046255 0.295966 0.036954 0.046958
0 0.078373 0.043320 0.078869 0.085979
0 0.032986 0.235450 0.065476 0.115741
0 0.148065 0.074570 0.119544 0.148479
0 0.500372 0.845569 0.045387 0.046296
0 0.452133 0.592758 0.156250 0.262235
0 0.320437 0.115741 0.087798 0.126323
0 0.197917 0.809028 0.075893 0.122024
0 0.205481 0.134921 0.120784 0.148810
0 0.509425 0.925430 0.138889 0.149140
0 0.708829 0.892196 0.114583 0.165344
1 0.260665 0.786872 0.119048 0.135913
0 0.613839 0.917659 0.105159 0.154101
0 0.638269 0.120040 0.140625 0.173280
0 0.524554 0.086806 0.121032 0.172950
0 0.684400 0.464286 0.152530 0.191138
0 0.823537 0.354663 0.158978 0.223214
0 0.587302 0.591601 0.152282 0.248677
0 0.273810 0.619048 0.209325 0.304233
0 0.698537 0.321429 0.151538 0.211640
1 0.342882 0.949239 0.097966 0.081680
