1 0.499504 0.566468 0.045139 0.083995
1 0.892733 0.520833 0.090030 0.093254
0 0.605159 0.736442 0.042163 0.063492
1 0.201761 0.395999 0.066220 0.090939
0 0.730903 0.448743 0.088294 0.109127
1 0.134921 0.459160 0.145833 0.180225
1 0.774926 0.086310 0.087550 0.114418
1 0.869916 0.476852 0.106399 0.138889
1 0.629092 0.834491 0.105407 0.148479
1 0.075273 0.370866 0.138641 0.171627
1 0.793403 0.294643 0.086806 0.116402
1 0.676711 0.736772 0.116319 0.168651
1 0.197421 0.561343 0.137401 0.145172
1 0.754588 0.876323 0.119296 0.181217
1 0.793403 0.573413 0.136409 0.160053
0 0.306176 0.540675 0.084573 0.105159
1 0.215774 0.182705 0.071925 0.090939
0 0.044643 0.188161 0.070933 0.085317
1 0.803571 0.445437 0.083333 0.124339
1 0.492312 0.304894 0.110615 0.161376
