1 0.852679 0.208003 0.163194 0.171958
1 0.091518 0.622354 0.071925 0.082672
1 0.918899 0.210483 0.109127 0.149140
1 0.551711 0.049934 0.036458 0.047619
0 0.874380 0.897321 0.058284 0.096230
0 0.336682 0.477348 0.056300 0.100860
1 0.486607 0.652282 0.076885 0.124669
0 0.770089 0.324735 0.159722 0.169312
1 0.035218 0.137897 0.069940 0.128968
1 0.340650 0.634921 0.093502 0.138889
0 0.943700 0.940807 0.101190 0.118386
1 0.332465 0.301257 0.195685 0.260582
1 0.206597 0.903274 0.148810 0.186839
1 0.224330 0.104993 0.207589 0.209325
1 0.792287 0.457507 0.179315 0.204696
0 0.569816 0.714782 0.174851 0.284722
1 0.583829 0.343915 0.176091 0.212963
0 0.150174 0.724868 0.183284 0.251323
0 0.735615 0.749835 0.228671 0.317130
1 0.819444 0.123347 0.065476 0.082011
1 0.620660 0.168981 0.106399 0.116402
