0 0.933284 0.577381 0.094742 0.097222
1 0.185268 0.405258 0.050595 0.057209
1 0.086434 0.452877 0.051835 0.056548
1 0.038938 0.420139 0.068948 0.088294
1 0.126736 0.410384 0.078373 0.089947
1 0.666915 0.613261 0.138393 0.114087
1 0.564980 0.552745 0.119544 0.166997
1 0.321801 0.504134 0.132192 0.134590
0 0.470114 0.543155 0.095982 0.114087
1 0.321429 0.378142 0.138889 0.165013
1 0.469866 0.382110 0.157986 0.190807
1 0.690104 0.507110 0.150050 0.167659
1 0.052331 0.890873 0.065476 0.103175
1 0.136285 0.898810 0.067212 0.102513
1 0.184772 0.865906 0.058532 0.089616
