1 0.471850 0.060516 0.079117 0.050265
1 0.038442 0.011078 0.062996 0.021495
1 0.208209 0.722884 0.071677 0.095899
0 0.988963 0.154101 0.021577 0.111772
1 0.916419 0.400794 0.054067 0.080026
0 0.562500 0.186673 0.048611 0.071098
0 0.957093 0.649471 0.083829 0.086640
1 0.309524 0.226687 0.067956 0.104828
0 0.873388 0.625331 0.094494 0.109788
1 0.655506 0.246032 0.053571 0.080688
1 0.463170 0.327712 0.048859 0.076058
0 0.205481 0.811839 0.062748 0.113757
0 0.429936 0.156581 0.056300 0.075728
1 0.223462 0.630126 0.074405 0.131944
0 0.377604 0.698909 0.064732 0.078373
1 0.932168 0.289352 0.076141 0.097222
0 0.968626 0.743056 0.061260 0.099868
0 0.394221 0.063823 0.073165 0.096561
1 0.541915 0.113757 0.050099 0.060185
1 0.382068 0.281415 0.111359 0.095238
1 0.708581 0.267030 0.039683 0.067130
0 0.420263 0.463294 0.062748 0.080688
0 0.505704 0.331019 0.055060 0.079365
1 0.861235 0.382937 0.067212 0.091931
0 0.816840 0.495040 0.083085 0.087302
1 0.380580 0.181052 0.063244 0.073743
1 0.453497 0.229993 0.049851 0.071759
1 0.116071 0.414848 0.108631 0.071759
1 0.608383 0.208499 0.060516 0.086971
1 0.953373 0.365575 0.093254 0.125992
0 0.086806 0.058697 0.092758 0.100860
1 0.891493 0.504299 0.090526 0.099868
0 0.444816 0.764385 0.083085 0.120701
0 0.250372 0.282407 0.076141 0.093915
0 0.387401 0.533565 0.084821 0.111442
0 0.798239 0.412698 0.085565 0.116402
0 0.701265 0.419147 0.111359 0.151786
0 0.585317 0.072255 0.084821 0.118056
1 0.359375 0.881614 0.126488 0.154101
1 0.288690 0.707507 0.117063 0.153770
0 0.262649 0.901786 0.107639 0.161376
0 0.676215 0.773810 0.097470 0.146825
1 0.614335 0.307044 0.084821 0.104828
1 0.123884 0.682540 0.165427 0.209656
1 0.255704 0.144511 0.088294 0.120370
