1 0.963170 0.577381 0.064236 0.078704
0 0.258929 0.519180 0.112599 0.128307
0 0.734127 0.347388 0.123512 0.121362
0 0.918775 0.438823 0.158482 0.183201
0 0.878596 0.183036 0.143601 0.154431
0 0.120412 0.426257 0.208581 0.232143
0 0.353919 0.190642 0.187004 0.202050
0 0.719990 0.534888 0.149306 0.206680
0 0.076637 0.186012 0.152282 0.240410
0 0.831473 0.611442 0.176835 0.213624
0 0.385665 0.562831 0.160714 0.216270
0 0.301215 0.371362 0.177827 0.210979
0 0.559028 0.591601 0.206845 0.269841
1 0.637525 0.487434 0.058284 0.062831
