0 0.944083 0.508875 0.032500 0.055250
0 0.731167 0.562500 0.058333 0.071000
0 0.562500 0.515000 0.050000 0.070000
0 0.601667 0.628000 0.050667 0.075000
0 0.593083 0.734875 0.052833 0.076250
0 0.547917 0.688500 0.073500 0.123000
0 0.532583 0.571250 0.055500 0.088500
0 0.492667 0.831750 0.077000 0.126000
0 0.429833 0.874000 0.043000 0.073000
0 0.465667 0.663625 0.074333 0.108250
0 0.408000 0.747375 0.075667 0.107250
0 0.335833 0.562500 0.058333 0.086500
0 0.197833 0.258750 0.075000 0.101000
0 0.231917 0.727625 0.061167 0.080250
0 0.171500 0.653625 0.058333 0.109250
0 0.076000 0.438000 0.056333 0.076000
0 0.136750 0.227500 0.070833 0.111500
0 0.192333 0.131750 0.068000 0.103000
