1 0.910094 0.012401 0.041419 0.024140
0 0.360491 0.750827 0.083085 0.107474
0 0.696553 0.661706 0.061260 0.090608
1 0.122272 0.348876 0.088294 0.090608
0 0.726935 0.365741 0.063492 0.103175
1 0.433532 0.384094 0.056548 0.089616
1 0.752604 0.733466 0.098958 0.120370
1 0.065972 0.469081 0.113095 0.129960
0 0.466270 0.734127 0.099206 0.133598
1 0.613591 0.051587 0.073413 0.102513
1 0.843874 0.692130 0.076637 0.095238
1 0.848090 0.321925 0.085069 0.102183
1 0.229539 0.781415 0.193204 0.231481
1 0.776538 0.221892 0.077381 0.099868
1 0.409226 0.858962 0.158234 0.192130
1 0.806796 0.431217 0.120040 0.130291
1 0.785466 0.624835 0.111111 0.126653
