0 0.964534 0.682044 0.069444 0.167659
0 0.056052 0.729497 0.077877 0.113757
0 0.197669 0.362269 0.068452 0.072421
0 0.800843 0.432540 0.107639 0.142196
0 0.357019 0.368882 0.047371 0.079034
1 0.558036 0.324735 0.103175 0.105159
1 0.340278 0.206019 0.066964 0.094577
0 0.909970 0.691138 0.156746 0.177249
1 0.662078 0.320933 0.086558 0.115410
0 0.230283 0.417163 0.081101 0.111442
0 0.687252 0.438823 0.095238 0.096561
0 0.715650 0.547454 0.140625 0.145833
0 0.575397 0.383102 0.091766 0.125992
0 0.137277 0.714286 0.086558 0.125661
0 0.935020 0.505622 0.126488 0.148810
1 0.753472 0.320437 0.092758 0.114418
0 0.168775 0.479167 0.108383 0.123016
0 0.110243 0.369874 0.118800 0.133929
0 0.735367 0.672454 0.186012 0.235780
