0 0.889633 0.194940 0.071429 0.098214
1 0.981027 0.151786 0.037946 0.078042
0 0.618676 0.241237 0.090030 0.106151
1 0.179315 0.261739 0.110615 0.180225
1 0.266245 0.799769 0.120784 0.204696
0 0.889509 0.693122 0.067212 0.115079
1 0.076389 0.286045 0.152282 0.239418
0 0.582713 0.140377 0.071181 0.098214
1 0.151662 0.693618 0.148065 0.163690
1 0.153150 0.861772 0.151042 0.228836
1 0.126984 0.494048 0.208829 0.249339
0 0.782738 0.173446 0.131944 0.170304
1 0.316840 0.147817 0.107887 0.128307
