1 0.774554 0.355655 0.123016 0.165675
0 0.729043 0.331515 0.051339 0.082341
0 0.048487 0.504134 0.094990 0.112765
0 0.068700 0.605159 0.129464 0.155423
0 0.090154 0.893188 0.098462 0.094577
0 0.486111 0.100860 0.104167 0.125661
0 0.925967 0.732474 0.142113 0.190476
0 0.921999 0.259425 0.109871 0.138558
0 0.326141 0.291171 0.091766 0.142526
0 0.343130 0.684524 0.149058 0.145503
0 0.550471 0.767692 0.133681 0.163690
0 0.249256 0.591766 0.201885 0.243717
0 0.928199 0.409392 0.141617 0.171958
0 0.828373 0.765708 0.133433 0.168320
0 0.045387 0.042328 0.090278 0.082672
0 0.378720 0.170966 0.115575 0.136905
0 0.114335 0.778274 0.205357 0.241733
0 0.484623 0.653274 0.157242 0.186177
0 0.540055 0.424438 0.198165 0.223214
0 0.678943 0.881614 0.166915 0.216931
1 0.017609 0.743221 0.034722 0.140542
