0 0.823289 0.596396 0.038442 0.071098
0 0.858755 0.600364 0.050843 0.121362
0 0.145213 0.659392 0.067212 0.050926
0 0.193700 0.717758 0.077381 0.097553
0 0.098338 0.581019 0.074653 0.082011
0 0.148065 0.722388 0.053571 0.099537
1 0.099702 0.643519 0.034722 0.042989
0 0.788194 0.428241 0.087302 0.106481
1 0.938492 0.456680 0.105159 0.117725
0 0.230531 0.770007 0.082589 0.102844
0 0.595610 0.079696 0.101935 0.136243
0 0.924603 0.630622 0.150794 0.212963
0 0.656002 0.172454 0.100198 0.120040
0 0.168403 0.596892 0.103175 0.104497
0 0.677827 0.352679 0.143849 0.195437
0 0.727803 0.551753 0.169395 0.221892
