0 0.034417 0.448000 0.061833 0.087500
0 0.034000 0.337375 0.058333 0.106250
0 0.200333 0.316750 0.088333 0.112500
0 0.164917 0.139125 0.086833 0.105250
0 0.118083 0.281750 0.094500 0.138500
0 0.213583 0.766625 0.070167 0.118750
0 0.392750 0.615625 0.070167 0.097750
0 0.511500 0.151000 0.091000 0.133500
0 0.643417 0.467250 0.060500 0.088500
0 0.867667 0.466625 0.073000 0.089750
0 0.701083 0.605750 0.063167 0.086500
0 0.511750 0.842625 0.080500 0.120750
0 0.613167 0.916625 0.089000 0.135250
0 0.565667 0.714125 0.082667 0.117750
0 0.654167 0.697875 0.075000 0.139750
0 0.706583 0.729625 0.053500 0.092750
0 0.289583 0.844250 0.081500 0.088000
