1 0.087178 0.067626 0.045387 0.102844
0 0.085813 0.544974 0.051587 0.079365
0 0.960317 0.175265 0.029762 0.037698
0 0.100570 0.465278 0.074653 0.081349
0 0.225074 0.077050 0.045883 0.069444
0 0.993056 0.197421 0.013393 0.063492
1 0.794767 0.971892 0.134177 0.050926
1 0.791791 0.947917 0.115327 0.088955
0 0.984003 0.113757 0.031994 0.042989
0 0.158978 0.034392 0.039187 0.053571
1 0.359499 0.160880 0.053819 0.063823
0 0.496652 0.101190 0.042907 0.060185
1 0.357515 0.382110 0.045883 0.064484
0 0.484127 0.018188 0.042163 0.035714
1 0.019841 0.917659 0.039187 0.164683
1 0.356027 0.229663 0.052827 0.069775
0 0.278274 0.379134 0.056052 0.081680
1 0.408606 0.335813 0.052827 0.068452
0 0.901910 0.204530 0.044395 0.059193
1 0.456225 0.254134 0.060764 0.077050
1 0.799355 0.735119 0.088294 0.093915
0 0.193700 0.113757 0.061012 0.070767
0 0.029762 0.437831 0.058036 0.150794
1 0.404018 0.389881 0.052083 0.056217
0 0.188368 0.555060 0.056796 0.078373
1 0.030010 0.151290 0.059028 0.129960
1 0.704985 0.923942 0.101935 0.139550
0 0.319072 0.405093 0.059772 0.078704
1 0.798363 0.660218 0.072421 0.076389
1 0.353795 0.346230 0.054315 0.046958
0 0.986607 0.144180 0.026786 0.032407
