1 0.378472 0.123512 0.105159 0.094246
0 0.972842 0.861442 0.052331 0.130952
0 0.423487 0.083499 0.054812 0.073743
1 0.268353 0.635582 0.223710 0.309524
1 0.383433 0.727183 0.247024 0.361772
1 0.796131 0.138724 0.088790 0.105489
1 0.670759 0.070602 0.118304 0.139220
1 0.866691 0.169974 0.065228 0.094577
1 0.556672 0.020833 0.069196 0.041005
1 0.839658 0.238426 0.077133 0.095238
1 0.589162 0.100364 0.107391 0.145833
0 0.664062 0.320271 0.144097 0.176918
1 0.109747 0.469577 0.218998 0.345899
1 0.744792 0.474868 0.166171 0.215608
0 0.620040 0.830192 0.179067 0.300595
1 0.656870 0.599372 0.188740 0.241071
0 0.819568 0.821925 0.214534 0.317791
0 0.390625 0.219577 0.118056 0.136905
1 0.274802 0.041832 0.076885 0.056548
0 0.198289 0.227183 0.061756 0.060847
1 0.962426 0.397156 0.058284 0.078042
