1 0.325397 0.037037 0.047619 0.072090
1 0.164559 0.475860 0.051835 0.070767
1 0.440352 0.510913 0.099454 0.200397
1 0.944320 0.539517 0.108879 0.175595
0 0.251488 0.460152 0.108631 0.127976
1 0.418775 0.346065 0.098462 0.120040
1 0.614087 0.473380 0.105655 0.179563
0 0.521577 0.525298 0.144841 0.216601
1 0.104291 0.608631 0.184772 0.209325
1 0.820809 0.529597 0.135665 0.169643
1 0.886037 0.680556 0.138641 0.159392
1 0.878224 0.188657 0.068948 0.079034
1 0.355407 0.069444 0.045635 0.084656
1 0.227927 0.772817 0.132440 0.181217
