0 0.443204 0.653108 0.029762 0.046296
0 0.006200 0.814319 0.011905 0.081019
1 0.869420 0.415840 0.070188 0.059854
0 0.228051 0.035384 0.060268 0.066138
1 0.223462 0.225198 0.059028 0.058862
1 0.161458 0.312831 0.040179 0.096561
0 0.877232 0.350198 0.048611 0.073413
1 0.278398 0.685351 0.094990 0.091601
1 0.655382 0.936839 0.101935 0.125661
0 0.934152 0.320933 0.046875 0.061839
1 0.177083 0.208333 0.069940 0.072751
1 0.433160 0.167328 0.079613 0.077381
1 0.166171 0.021164 0.072421 0.041667
1 0.352307 0.033730 0.071181 0.061508
0 0.756324 0.083003 0.061756 0.083333
1 0.498140 0.897983 0.074653 0.114087
0 0.803075 0.358466 0.046627 0.066799
0 0.884301 0.103175 0.067708 0.087302
0 0.178943 0.692626 0.089038 0.112765
1 0.622520 0.833003 0.095734 0.132275
1 0.374008 0.703869 0.083829 0.116733
0 0.845238 0.182044 0.064980 0.090939
1 0.225570 0.121528 0.064236 0.077050
1 0.843130 0.547950 0.137649 0.226852
1 0.276166 0.789352 0.124256 0.168651
1 0.842510 0.729663 0.118056 0.147817
0 0.139013 0.606978 0.110367 0.132606
1 0.369792 0.827216 0.100198 0.132606
0 0.361979 0.133929 0.098958 0.150794
0 0.083705 0.485946 0.153026 0.178241
0 0.735243 0.597388 0.146081 0.178902
1 0.170511 0.807044 0.099950 0.137235
0 0.625124 0.718089 0.091022 0.083664
1 0.725198 0.837136 0.106151 0.174272
