0 0.270007 0.704489 0.046627 0.080605
0 0.652778 0.333457 0.071429 0.123264
0 0.625165 0.459573 0.071098 0.090278
1 0.162864 0.076885 0.154431 0.130456
0 0.870536 0.824529 0.153108 0.110367
0 0.370536 0.645213 0.145172 0.099950
0 0.850364 0.719494 0.135251 0.119544
0 0.461971 0.537202 0.171296 0.136409
0 0.723380 0.471478 0.170966 0.151290
0 0.235946 0.607143 0.151124 0.125000
1 0.212798 0.211186 0.233796 0.179812
0 0.221396 0.435144 0.276124 0.199157
0 0.522487 0.333457 0.214947 0.187252
