0 0.731583 0.117375 0.097167 0.145750
0 0.739917 0.280875 0.094833 0.142250
0 0.076583 0.573875 0.147833 0.221750
0 0.774583 0.498375 0.089167 0.133750
0 0.651417 0.292875 0.118167 0.177250
0 0.318083 0.451625 0.126833 0.190250
0 0.936167 0.723250 0.103667 0.155500
0 0.554417 0.221750 0.104833 0.141500
0 0.589500 0.513625 0.058000 0.083750
0 0.217917 0.683000 0.139500 0.200500
0 0.191750 0.887625 0.154500 0.196250
0 0.961000 0.378250 0.078000 0.109000
0 0.828833 0.445375 0.074000 0.094250
