0 0.984623 0.791336 0.030258 0.041667
0 0.012897 0.454034 0.025298 0.116402
0 0.742932 0.323413 0.076141 0.046296
0 0.648934 0.696925 0.084077 0.064484
0 0.223338 0.449735 0.057292 0.112434
0 0.894469 0.759590 0.067708 0.074074
0 0.567832 0.695933 0.088046 0.116071
1 0.653646 0.629795 0.132192 0.142526
0 0.350198 0.194114 0.148810 0.165344
0 0.387401 0.595899 0.096726 0.096561
0 0.907490 0.195106 0.147817 0.170635
0 0.774802 0.575397 0.211310 0.230820
0 0.262277 0.307044 0.147569 0.172950
0 0.283482 0.458003 0.113095 0.173942
0 0.094990 0.164683 0.153770 0.177249
0 0.612227 0.453704 0.152034 0.212302
0 0.136781 0.354167 0.159970 0.191138
0 0.877356 0.395999 0.170387 0.209325
0 0.406374 0.457011 0.189732 0.256614
