1 0.566592 0.195767 0.052827 0.070767
1 0.629216 0.043485 0.032242 0.039352
1 0.009425 0.192626 0.018353 0.067791
0 0.417659 0.595073 0.047123 0.059193
1 0.118924 0.013393 0.093502 0.026124
0 0.709821 0.971065 0.095238 0.057209
0 0.026662 0.015377 0.052827 0.030093
1 0.500496 0.184524 0.065476 0.054894
1 0.531622 0.025794 0.067212 0.050926
1 0.051215 0.662368 0.101935 0.138889
0 0.265377 0.395999 0.058036 0.074405
0 0.686260 0.488261 0.063988 0.066468
0 0.566220 0.348876 0.046627 0.052910
0 0.529390 0.137235 0.057292 0.072090
0 0.671751 0.017196 0.089038 0.033069
0 0.536706 0.294974 0.071925 0.099206
1 0.606151 0.798280 0.112103 0.160053
0 0.474330 0.055060 0.068700 0.100198
1 0.884797 0.119544 0.051339 0.072421
1 0.496900 0.269015 0.088046 0.127976
1 0.116071 0.081019 0.088790 0.122354
0 0.505952 0.399802 0.067460 0.087963
1 0.156374 0.219081 0.096974 0.118717
1 0.623016 0.315642 0.108135 0.119378
1 0.756448 0.809854 0.106647 0.149471
0 0.824529 0.755622 0.085565 0.124339
1 0.777654 0.207507 0.098462 0.110780
1 0.754836 0.107970 0.070188 0.096892
0 0.694072 0.568618 0.094990 0.110780
0 0.786086 0.909888 0.119792 0.149140
1 0.652034 0.894676 0.153274 0.210648
0 0.923611 0.275298 0.131944 0.168320
