1 0.452629 0.980159 0.041667 0.039683
1 0.948661 0.395007 0.091270 0.165675
1 0.731275 0.348380 0.121776 0.169643
1 0.543899 0.337798 0.166667 0.258929
1 0.113963 0.170635 0.085069 0.085979
1 0.516245 0.144676 0.119296 0.161045
1 0.388889 0.752315 0.133433 0.164021
1 0.671503 0.456019 0.181796 0.244048
1 0.856275 0.394180 0.130208 0.167328
1 0.871776 0.528108 0.137401 0.140873
0 0.276910 0.222222 0.134673 0.170635
1 0.145833 0.455522 0.220734 0.241733
0 0.130580 0.701720 0.227927 0.269841
1 0.060764 0.061839 0.066964 0.086640
1 0.980531 0.934689 0.038938 0.097553
