0 0.020833 0.706184 0.041171 0.061177
0 0.379340 0.512897 0.065228 0.087302
0 0.276166 0.536376 0.062252 0.121693
0 0.700893 0.415179 0.142857 0.114749
0 0.798239 0.861276 0.048363 0.058532
0 0.781498 0.421627 0.099702 0.134259
0 0.708333 0.797454 0.048611 0.075066
0 0.113963 0.467097 0.084077 0.160384
0 0.296131 0.286706 0.122024 0.151455
0 0.203993 0.442130 0.139137 0.178571
0 0.054439 0.612765 0.108383 0.181217
0 0.104787 0.310020 0.138145 0.151786
1 0.736111 0.703704 0.132440 0.118386
0 0.577753 0.786872 0.221478 0.300595
0 0.692212 0.579200 0.218254 0.246362
0 0.401414 0.646495 0.147569 0.243386
0 0.905382 0.184524 0.189236 0.249339
0 0.189112 0.659392 0.188740 0.247354
