1 0.025298 0.386243 0.039683 0.046958
0 0.038194 0.207176 0.071429 0.139881
0 0.356895 0.168485 0.125496 0.143849
1 0.251488 0.050761 0.094742 0.100860
0 0.443452 0.195933 0.074405 0.114087
1 0.040675 0.392196 0.041171 0.049603
1 0.918899 0.312004 0.063492 0.061177
1 0.984995 0.409392 0.029018 0.114418
1 0.925967 0.407077 0.091518 0.093915
0 0.137649 0.053902 0.087302 0.101190
1 0.703993 0.175265 0.052331 0.078704
0 0.714658 0.694610 0.166915 0.153770
1 0.489335 0.051918 0.138889 0.102513
1 0.522321 0.142692 0.159226 0.193452
0 0.846850 0.633433 0.216518 0.268188
1 0.769469 0.158896 0.067708 0.091601
0 0.678695 0.534557 0.159970 0.199405
0 0.541791 0.732143 0.165923 0.218254
1 0.282490 0.693948 0.071925 0.079034
1 0.452505 0.123181 0.058284 0.094907
