0 0.044750 0.356250 0.064500 0.116500
0 0.094750 0.377125 0.072833 0.106250
0 0.157000 0.507750 0.108333 0.159500
0 0.185750 0.610875 0.052167 0.071750
0 0.305167 0.622375 0.085333 0.126250
0 0.233000 0.593750 0.064667 0.129000
0 0.378833 0.571250 0.064667 0.126000
0 0.457583 0.514500 0.130500 0.187500
0 0.572167 0.450500 0.082000 0.134500
0 0.671167 0.322375 0.092333 0.140750
0 0.787500 0.591125 0.107000 0.165750
0 0.892667 0.529625 0.066000 0.132250
0 0.846500 0.682875 0.091667 0.132250
0 0.961417 0.570375 0.077167 0.142750
