0 0.770709 0.303075 0.158482 0.193452
0 0.077877 0.407903 0.037698 0.048611
0 0.633929 0.303737 0.072421 0.116071
0 0.337054 0.946594 0.119048 0.095569
0 0.278026 0.490245 0.125992 0.194114
0 0.982391 0.766700 0.034722 0.089616
0 0.031002 0.394511 0.060516 0.062831
0 0.434524 0.303737 0.080357 0.092923
0 0.927827 0.766700 0.073909 0.092923
0 0.670511 0.113757 0.103919 0.162698
0 0.407242 0.801422 0.116567 0.200066
0 0.218378 0.479167 0.154514 0.191799
0 0.661210 0.589782 0.121032 0.149140
0 0.163318 0.324901 0.153522 0.194114
0 0.541171 0.581515 0.131944 0.170304
0 0.207713 0.896991 0.197173 0.206019
