1 0.273562 0.497354 0.054563 0.043651
1 0.478175 0.944444 0.104167 0.106481
1 0.193328 0.463790 0.069196 0.064484
1 0.296503 0.032077 0.052827 0.063492
0 0.279638 0.074735 0.044891 0.066799
1 0.033606 0.509425 0.066716 0.127315
1 0.926215 0.481978 0.082589 0.145172
1 0.690476 0.428241 0.103175 0.153439
0 0.050595 0.690642 0.100694 0.145833
1 0.880332 0.606151 0.126736 0.130952
1 0.431052 0.722884 0.109127 0.158069
1 0.492312 0.319610 0.094246 0.125992
1 0.833209 0.479167 0.117312 0.149471
1 0.643105 0.483466 0.155258 0.212302
0 0.214410 0.762731 0.188244 0.200066
1 0.539931 0.465278 0.134425 0.211640
1 0.223586 0.587632 0.175347 0.198413
1 0.318576 0.435847 0.107391 0.127646
1 0.802207 0.174934 0.067708 0.073413
1 0.530630 0.205192 0.053323 0.051918
1 0.678323 0.018353 0.035714 0.036045
1 0.966394 0.831349 0.037450 0.048942
1 0.156870 0.405589 0.043403 0.064484
1 0.112103 0.725198 0.029266 0.033730
