0 0.665055 0.972388 0.083085 0.052579
0 0.636285 0.268519 0.052331 0.119709
1 0.094866 0.032738 0.077629 0.064815
0 0.281374 0.313823 0.066716 0.080026
0 0.329861 0.193122 0.064484 0.093254
0 0.366071 0.259425 0.111607 0.140542
0 0.961186 0.099041 0.077629 0.197421
0 0.604663 0.409392 0.073909 0.116402
0 0.532738 0.569610 0.077381 0.085648
0 0.794767 0.068618 0.175843 0.136574
0 0.065228 0.138724 0.069940 0.072421
0 0.465402 0.278604 0.084573 0.124669
0 0.263517 0.074405 0.098958 0.120370
0 0.146205 0.554233 0.088542 0.133598
0 0.510293 0.915675 0.169395 0.167989
0 0.728299 0.288360 0.076141 0.111772
0 0.718502 0.811839 0.141865 0.166667
0 0.256448 0.551091 0.091766 0.127315
1 0.155134 0.144511 0.084573 0.101190
1 0.517733 0.445437 0.147073 0.200397
0 0.656622 0.590278 0.176339 0.187831
0 0.878844 0.204200 0.219494 0.256944
1 0.203001 0.069940 0.059276 0.077712
0 0.588046 0.312500 0.077877 0.091270
