0 0.195417 0.368750 0.113833 0.146000
0 0.186583 0.265000 0.063167 0.070000
0 0.803917 0.468250 0.108167 0.151000
0 0.663167 0.473500 0.099333 0.149000
0 0.736000 0.493750 0.049333 0.091500
0 0.702750 0.573500 0.081167 0.126000
0 0.699583 0.394750 0.094500 0.162500
0 0.580167 0.387500 0.090333 0.135500
0 0.598500 0.520250 0.067333 0.140500
0 0.639500 0.564500 0.050667 0.085500
0 0.492667 0.283375 0.068000 0.116750
0 0.430833 0.235875 0.084667 0.117750
0 0.355833 0.278125 0.073667 0.156250
