0 0.440972 0.429067 0.023810 0.027447
0 0.229415 0.208168 0.018849 0.027447
0 0.026786 0.846065 0.020337 0.040675
0 0.595238 0.547454 0.017857 0.025463
1 0.088666 0.131944 0.025050 0.035714
1 0.671875 0.016369 0.015873 0.017526
1 0.321553 0.356978 0.031994 0.042659
0 0.008557 0.803241 0.016617 0.051587
0 0.341642 0.086806 0.014137 0.022817
1 0.753844 0.027282 0.016617 0.021495
1 0.696181 0.234954 0.022321 0.025463
0 0.515253 0.687004 0.036954 0.049272
1 0.036830 0.482639 0.023562 0.024802
1 0.692584 0.071098 0.019097 0.021164
1 0.890501 0.233962 0.031498 0.036706
0 0.738715 0.066468 0.016617 0.023148
0 0.458705 0.351687 0.022569 0.034722
0 0.769965 0.034061 0.016617 0.021825
0 0.031870 0.041336 0.018601 0.025132
1 0.081225 0.298446 0.025050 0.036045
0 0.233383 0.461640 0.028274 0.032407
0 0.714038 0.127811 0.020833 0.024802
1 0.756944 0.255126 0.021825 0.026124
1 0.552703 0.234458 0.035466 0.037698
1 0.290799 0.356978 0.028026 0.039352
0 0.582589 0.135086 0.013393 0.020833
1 0.298735 0.141204 0.017609 0.023148
1 0.341890 0.078208 0.019097 0.026124
0 0.989211 0.854497 0.021081 0.050265
1 0.313368 0.155754 0.020089 0.027778
1 0.497272 0.464286 0.035218 0.044974
1 0.804315 0.286210 0.022321 0.027447
1 0.165427 0.303241 0.034226 0.033730
0 0.273065 0.882606 0.046627 0.048942
1 0.337426 0.045470 0.017609 0.022156
0 0.838914 0.136409 0.018105 0.021495
1 0.275918 0.358466 0.031498 0.042989
1 0.813368 0.260417 0.026538 0.028770
1 0.317212 0.126653 0.021329 0.030423
0 0.656374 0.107143 0.018105 0.023148
0 0.254216 0.505456 0.035218 0.043981
0 0.189112 0.527282 0.025546 0.041997
0 0.056796 0.315642 0.037202 0.047288
0 0.120660 0.290675 0.028522 0.033069
0 0.893105 0.258102 0.028770 0.034061
0 0.963046 0.851190 0.043155 0.060847
0 0.906622 0.505622 0.022569 0.026455
1 0.557044 0.451224 0.028274 0.040013
1 0.074653 0.349206 0.028274 0.035714
0 0.750620 0.748347 0.033482 0.041667
0 0.276166 0.090939 0.015625 0.026455
1 0.136037 0.169147 0.028522 0.037368
1 0.331969 0.366733 0.027034 0.034392
1 0.358135 0.101687 0.022817 0.031415
1 0.249876 0.055556 0.021577 0.025132
0 0.273065 0.481151 0.032242 0.048280
0 0.698909 0.266038 0.031746 0.040013
0 0.060392 0.859788 0.050347 0.054233
1 0.758309 0.067956 0.022073 0.028108
1 0.331969 0.167493 0.022569 0.028108
0 0.683532 0.588294 0.051091 0.064153
1 0.793031 0.226852 0.027530 0.033069
0 0.278646 0.570437 0.037450 0.048280
1 0.151290 0.675265 0.047123 0.053571
0 0.565600 0.120040 0.019593 0.024471
1 0.087922 0.118552 0.025546 0.032077
0 0.531498 0.457507 0.026290 0.037368
1 0.258929 0.084160 0.021825 0.029431
1 0.876860 0.226687 0.036954 0.042659
0 0.047867 0.822917 0.040179 0.049934
1 0.704737 0.093585 0.025050 0.032407
1 0.371404 0.021660 0.018601 0.024140
1 0.089162 0.145833 0.024554 0.030423
0 0.086310 0.633433 0.045635 0.058532
1 0.782366 0.266700 0.026042 0.036045
0 0.614707 0.518684 0.031002 0.035384
0 0.313244 0.334821 0.031746 0.046627
1 0.715278 0.290179 0.024802 0.033399
1 0.157614 0.271495 0.040427 0.050265
1 0.269097 0.316138 0.032738 0.042989
0 0.012401 0.410549 0.024306 0.067791
0 0.436012 0.395999 0.038690 0.046627
1 0.458953 0.449239 0.046379 0.053241
0 0.593378 0.470073 0.033482 0.043320
1 0.192708 0.280589 0.033730 0.045966
1 0.034474 0.349206 0.053571 0.055556
1 0.669395 0.654597 0.063492 0.073082
0 0.961062 0.953042 0.057044 0.067460
0 0.793279 0.574405 0.052331 0.064153
1 0.487351 0.415179 0.028770 0.028770
0 0.657862 0.468585 0.017609 0.013889
1 0.378348 0.529927 0.019097 0.025463
1 0.301835 0.472222 0.009425 0.012566
1 0.249752 0.213128 0.028770 0.032077
