0 0.874132 0.374339 0.081597 0.138228
0 0.803943 0.235284 0.060268 0.063823
0 0.089534 0.956019 0.073909 0.077381
0 0.574157 0.711475 0.038194 0.067130
0 0.947545 0.314815 0.103919 0.125000
0 0.331597 0.383929 0.099206 0.116402
0 0.167783 0.958333 0.071677 0.082672
0 0.540551 0.368552 0.101935 0.110119
0 0.905010 0.437335 0.101190 0.129960
0 0.884425 0.128638 0.105159 0.108466
0 0.071305 0.578704 0.131200 0.161376
0 0.140129 0.870040 0.118056 0.130291
0 0.606151 0.110946 0.134425 0.165013
0 0.813616 0.410384 0.151538 0.177249
0 0.488219 0.288690 0.149058 0.184524
0 0.104167 0.359954 0.144841 0.153108
0 0.149058 0.705522 0.203373 0.233796
0 0.677083 0.396991 0.126488 0.156415
0 0.245784 0.525794 0.229167 0.259259
0 0.613963 0.258929 0.127728 0.162698
0 0.464162 0.099206 0.152034 0.197090
